"hhnum" "region" "rural" "targetgroup" "hhsize" "inchhavg_r" "povthresh_hh" "selfemployhh" "housingown" "liqassets" "anyvehicle" "largeexp" "snapnowhh" "snapnowreport" "usdafoods" "wichh" "adltfscat" "foodsufficient" "grocerylistfreq" "primstoresnaptype" "primstoredist_d" "primstoretime_d" "dietstatuspr" "eathealthyhh" "nutritioneduc" "anyvegetarian" "totalpaid" "ebt_snapamt" "itemstot"
"1" 100076 "Midwest" "Urban" 4 4 4580 1940.25 0 1 1 1 1 1 1 0 -996 "very low" 2 4 "SS" 3.741 8.75 3 1 0 0 234.21 223.01 64
"2" 100107 "Northeast" "Urban" 4 4 1192.643673 2005.75 0 1 1 0 0 1 1 0 -996 "High" 2 3 "SM" 1.466 5.17 2 1 0 0 4.17 4.17 3
"3" 100110 "Northeast" "Urban" 4 5 2639.989889 2379.833333 0 2 1 1 1 1 1 0 -996 "very low" 4 5 "SM" 4.235 9.27 3 0 0 0 14.2 14.2 7
"4" 100132 "Northeast" "Urban" 4 7 855.4 3054.25 0 1 1 1 0 1 1 0 1 "Low" 3 5 "SS" 1 4.83 4 0 0 0 38.19 38.19 29
"5" 100138 "West" "Urban" 4 9 6976.600577 3968.333333 0 1 1 1 0 1 1 0 -996 "Low" 2 3 "SS" 2.363 9.92 3 0 0 0 46.44 46.44 17
"6" 100151 "South" "Rural" 4 5 4223 2283.333333 0 1 1 1 0 1 1 0 0 "High" 2 3 "SS" 4.581 8.5 4 0 0 0 74.57 74.57 55
"7" 100159 "West" "Urban" 4 3 212.7864851 1541.5 0 1 1 1 0 1 1 0 -996 "Low" 2 2 "SS" 6.207 12.37 4 0 0 0 39.54 39.54 9
"8" 100163 "South" "Urban" 4 3 3640 1540 0 3 2 1 0 1 1 0 -996 "High" 1 5 "SS" 6.664 15.82 4 0 0 0 30.13 30.13 23
"9" 100174 "South" "Rural" 4 4 1574 2005.75 1 2 1 1 0 1 1 0 -996 "Marginal" 2 5 "SM" 5.738 9.92 1 1 0 0 86.35 86.35 31
"10" 100192 "West" "Urban" 4 6 2673.338 2556.5 1 2 3 1 1 1 1 0 1 "Low" 2 4 "SS" 2.262 6.08 2 0 1 0 299.82 299.82 39
"11" 100220 "Northeast" "Urban" 4 4 1680 1947 0 1 1 1 0 1 1 0 -996 "High" 2 2 "SM" 1.27 5 3 0 0 0 7.16 7.16 4
"12" 100267 "South" "Rural" 4 5 3050 2340.583333 0 3 1 1 0 1 1 0 -996 "Marginal" 1 3 "SS" 18.826 30.18 2 0 0 0 201.82 74.25 28
"13" 100272 "West" "Urban" 4 4 0 1940.25 0 1 1 0 0 1 1 0 -996 "very low" 4 1 "SS" 2.827 7.92 3 1 0 0 42.49 42.49 9
"14" 100324 "Midwest" "Urban" 4 5 568 2283.333333 0 1 1 0 1 1 1 1 0 "very low" 4 5 "SM" 20.029 27.43 2 0 0 0 148.21 133.71 50
"15" 100339 "South" "Urban" 4 2 1396 1281.166667 0 1 1 0 0 1 1 1 -996 "Low" 2 1 "SS" 2.927 8.4 2 0 0 0 3.25 3.25 3
"16" 100436 "West" "Urban" 4 7 4190 2863.5 0 1 1 1 1 1 1 0 1 "Marginal" 2 3 "SS" 1.896 5.23 1 0 0 0 333.49 318.65 96
"17" 100460 "South" "Urban" 4 3 2267.525953 1540 1 2 1 1 0 1 1 0 1 "High" 1 5 "SM" 2.736 7.28 2 1 0 0 75.47 64.9 35
"18" 100461 "South" "Rural" 4 4 910 1940.25 0 2 1 1 1 1 1 0 -996 "very low" 2 2 "SS" 6.982 11.15 4 0 0 0 429.23 429.23 103
"19" 100485 "South" "Urban" 4 6 2121.930301 2637.25 0 1 1 1 0 1 1 0 0 "Low" 2 3 "SS" 2.95 7.92 4 0 0 0 147.87 141.06 60
"20" 100502 "South" "Rural" 4 6 4470.34 2637.25 0 1 1 1 1 1 1 0 0 "very low" 3 1 "SS" 8.089 12.95 3 0 0 0 229.53 229.53 118
"21" 100514 "Midwest" "Urban" 4 4 1406 1940.25 0 1 1 1 1 1 1 1 -996 "Low" 3 3 "SM" 6.583 21.23 4 1 0 0 9.58 9.58 13
"22" 100520 "Northeast" "Rural" 4 1 828 995.4166667 0 1 1 1 0 1 1 0 -996 "Marginal" 2 5 "SM" 0.658 1.9 5 0 0 0 86.07 83.66 28
"23" 100534 "South" "Urban" 4 3 1100 1540 0 1 1 0 0 1 1 0 -996 "very low" 3 3 "SS" 0.971 3.5 4 0 0 0 83.99 76.64 43
"24" 100539 "Northeast" "Rural" 4 4 1522.738 1940.25 0 1 1 1 0 1 1 0 -996 "High" 1 2 "SS" 11.967 19.15 3 1 0 0 120.78 120.78 38
"25" 100554 "South" "Urban" 4 2 1021 1281.166667 0 1 1 0 0 1 1 0 -996 "very low" 1 5 "SM" 0.503 1.9 3 1 0 0 70.52 70.52 29
"26" 100641 "Midwest" "Urban" 4 5 1484.253841 2340.583333 1 1 1 1 1 1 1 0 0 "Marginal" 1 4 "SM" 1.985 6.4 2 1 0 0 111.03 103.53 47
"27" 100649 "South" "Urban" 4 1 1015 995.4166667 0 1 1 1 0 1 1 0 -996 "Low" 1 3 "SM" 0.9 2.52 2 0 0 0 118.16 106 45
"28" 100656 "West" "Urban" 4 4 4695 1973.416667 0 2 1 1 1 1 1 0 -996 "Marginal" 2 5 "SM" 0.5 2 3 0 0 0 306.28 279.73 109
"29" 100671 "Midwest" "Urban" 4 2 453 1318.75 0 1 1 0 0 1 1 0 -996 "High" 2 3 "SS" 0.672 3.22 4 0 0 0 112.18 111.96 34
"30" 100692 "South" "Urban" 4 2 1083.426415 1318.75 0 2 3 1 0 1 1 0 -996 "High" 2 3 "SS" 5.21 10.12 2 0 0 0 124.5 116.09 50
"31" 100784 "South" "Urban" 4 4 3890.6 1940.25 0 1 1 1 0 1 1 0 0 "Low" 1 5 "SM" 1.511 4.35 4 0 0 0 80.37 80.37 39
"32" 100785 "South" "Urban" 4 2 1239 1281.166667 1 1 1 1 1 1 1 0 -996 "very low" 4 4 "SS" 1.642 6.18 2 0 0 0 31.52 31.52 12
"33" 100832 "Northeast" "Urban" 4 4 2897 1973.416667 0 2 1 1 0 1 1 0 -996 "very low" 2 1 "SS" 5.872 15.15 4 0 0 0 7.01 7.01 4
"34" 100901 "South" "Rural" 4 6 1815.33 2556.5 1 2 1 1 0 1 1 0 -996 "High" 1 5 "SS" 7.574 12.12 4 1 0 0 23.07 23.07 12
"35" 100905 "Northeast" "Rural" 4 2 2740.656866 1318.75 0 1 1 0 0 1 1 0 1 "High" 1 3 "SS" 5.008 11.37 3 0 0 0 91.23 80.89 36
"36" 100920 "South" "Rural" 4 2 4200 1281.166667 0 1 1 1 0 1 1 0 -996 "Low" 2 5 "SS" 7.43 11.6 4 0 0 0 177.94 111.45 41
"37" 100927 "South" "Urban" 4 1 55 995.4166667 0 1 1 0 0 1 1 0 -996 "very low" 2 1 "SM" 1.48 6.77 2 0 0 0 2.28 2.28 3
"38" 100929 "South" "Urban" 4 4 2016 1940.25 0 3 1 1 0 1 1 0 -996 "High" 1 1 "SS" 0.191 1.42 3 1 0 0 81.46 81.46 41
"39" 100984 "Midwest" "Rural" 4 1 853 917.5833333 0 1 1 0 0 1 1 1 -996 "very low" 2 5 "CO" 0.224 1.22 3 0 0 0 21.74 21.74 8
"40" 101011 "Midwest" "Urban" 4 3 2574.55 1496.583333 0 2 1 1 0 1 1 0 -996 "High" 1 4 "SS" 2.546 7.38 3 0 1 0 10.6 10.6 6
"41" 101024 "South" "Urban" 4 2 583.4164098 1318.75 0 1 1 0 0 1 1 0 1 "very low" 1 1 "SM" 1.428 3.92 3 0 0 0 14.5 7.74 3
"42" 101063 "Midwest" "Urban" 4 3 1300 1540 0 1 1 1 1 1 1 0 -996 "Low" 2 5 "SS" 1.698 5.57 4 0 0 0 91.47 86.19 42
"43" 101081 "West" "Urban" 4 2 766.4775027 1318.75 0 1 1 1 0 1 1 0 1 "Low" 2 1 "SS" 3.859 9.08 5 1 0 0 42.12 36.49 13
"44" 101094 "West" "Urban" 4 4 3578.17 1973.416667 0 2 1 1 0 1 1 0 -996 "High" 2 5 "SM" 1.038 3.08 1 0 0 0 95.96 93.63 46
"45" 101095 "South" "Urban" 4 2 1680 1318.75 0 1 1 1 0 1 1 0 0 "Marginal" 1 3 "SS" 1.53 3.95 1 1 0 0 16.22 16.22 11
"46" 101112 "Northeast" "Urban" 4 4 1562.162 1947 0 1 1 0 0 1 1 0 -996 "very low" 1 4 "SS" 5.77 14.73 5 0 0 0 202.59 40.79 18
"47" 101148 "West" "Urban" 4 5 1502.9 2379.833333 0 2 4 1 0 1 1 0 -996 "Low" 2 3 "SM" 4.421 11.52 3 0 0 0 46.65 46.65 16
"48" 101151 "South" "Urban" 4 6 1805 2556.5 0 1 1 1 0 1 1 0 -996 "Low" 2 3 "SS" 1.66 5.62 5 0 0 0 265.97 165.49 112
"49" 101154 "West" "Urban" 4 4 5500 2005.75 0 2 1 1 0 1 1 0 1 "Marginal" 1 5 "SS" 1.942 6.27 3 1 1 0 67.09 67.09 20
"50" 101176 "Northeast" "Urban" 4 2 2371.662 1281.166667 0 1 1 1 0 1 1 0 -996 "High" 1 5 "SM" 22.509 34.7 4 1 0 0 254.75 254.75 81
"51" 101195 "West" "Rural" 4 2 878 1281.166667 0 2 1 1 1 1 1 0 -996 "Low" 2 5 "SM" 2.339 7.38 3 1 0 0 10.67 10.67 5
"52" 101203 "South" "Urban" 4 7 3412.262 3054.25 0 1 1 0 0 1 1 0 -996 "Low" 2 2 "SS" 3.746 5.88 5 0 0 0 37.55 37.55 11
"53" 101218 "Midwest" "Urban" 4 4 2620 1940.25 0 2 1 1 0 1 1 0 -996 "High" 1 1 "SS" 1.885 5.23 2 0 0 1 64.41 12.97 36
"54" 101219 "South" "Urban" 4 5 112 2283.333333 0 1 1 1 1 1 1 0 1 "Low" 2 1 "SS" 1.15 3.82 4 1 0 1 59.04 55.77 25
"55" 101269 "West" "Urban" 4 4 1931.028883 1940.25 0 1 1 1 0 1 1 0 -996 "High" 2 3 "SM" 0.59 2.32 3 0 0 0 36.65 16.65 8
"56" 101308 "West" "Urban" 4 3 3706 1496.583333 0 2 1 1 0 1 1 0 -996 "Marginal" 2 1 "SM" 4.942 11.15 3 0 0 0 116.89 116.89 55
"57" 101347 "West" "Urban" 4 4 718 1940.25 0 1 1 1 0 1 1 0 1 "High" 2 3 "SM" 3.698 7.53 3 1 0 1 81.86 79.57 41
"58" 101354 "West" "Urban" 4 4 1309.438166 1973.416667 0 2 1 1 0 1 1 0 -996 "Marginal" 2 3 "SM" 0.357 1.6 2 1 0 0 30 23 17
"59" 101451 "South" "Rural" 4 4 87.92221112 1940.25 0 1 1 0 0 1 1 0 1 "Marginal" 2 5 "SS" 6.559 11.55 5 1 0 0 205.62 205.62 74
"60" 101460 "West" "Urban" 4 3 1250 1540 0 1 1 1 0 1 1 0 0 "very low" 2 5 "SS" 3.009 8.77 5 0 0 0 43.92 42.88 20
"61" 101531 "South" "Urban" 4 2 1068 1156.5 0 1 1 1 1 1 1 1 -996 "High" 1 4 "SM" 0.157 1 2 1 0 0 44.63 44.03 21
"62" 101552 "Midwest" "Urban" 4 1 600 995.4166667 0 2 1 0 0 1 1 0 -996 "very low" 1 2 "SS" 4.768 10.17 2 1 0 0 36.13 36.13 16
"63" 101574 "Midwest" "Urban" 4 1 686 995.4166667 0 1 1 1 1 1 1 0 -996 "very low" 3 5 "SM" 1.333 5.28 4 1 0 0 26.18 21.83 17
"64" 101576 "Northeast" "Urban" 4 5 1516.67 2283.333333 0 1 1 0 0 1 1 0 -996 "High" 1 3 "SS" 7.187 20 5 0 0 0 205.63 205.63 58
"65" 101626 "South" "Urban" 4 2 1416 1281.166667 0 1 1 1 0 1 1 0 0 "very low" 3 3 "SM" 2.066 6.53 2 0 0 0 141.51 59.84 21
"66" 101631 "West" "Urban" 4 4 826.4009064 1940.25 0 1 1 0 0 1 1 0 -996 "Marginal" 1 3 "SS" 4.647 9.58 4 1 0 0 80.87 80.01 53
"67" 101652 "West" "Urban" 4 4 3921.91 1940.25 0 1 1 1 0 1 1 0 -996 "Marginal" 2 1 "SS" 3.932 11.13 3 0 0 0 21.67 21.67 14
"68" 101668 "Midwest" "Rural" 4 2 1150 1318.75 0 1 1 0 0 1 1 0 -996 "High" 1 2 "CO" 0.283 1.87 4 0 0 0 32.82 20.23 8
"69" 101678 "West" "Rural" 4 4 2761.2 1940.25 0 2 1 1 0 1 1 0 1 "Marginal" 1 5 "SM" 4.484 12.32 2 0 0 0 17.98 15.38 12
"70" 101682 "South" "Rural" 4 6 872.9825911 2556.5 0 3 1 1 0 1 1 0 1 "High" 1 3 "SS" 1.936 7.43 4 1 0 0 264.1 244.37 86
"71" 101784 "Midwest" "Urban" 4 6 2158.338 2556.5 1 2 1 1 1 1 1 0 -996 "Low" 2 4 "SM" 10.161 12.82 3 0 0 0 43.63 43.6 20
"72" 101794 "West" "Urban" 4 5 2256 2340.583333 0 1 1 1 1 1 1 0 -996 "High" 1 4 "SS" 1.727 4.9 3 1 1 0 31.78 31.78 5
"73" 101828 "Midwest" "Urban" 4 3 2100 1540 0 1 3 1 0 1 1 0 1 "High" 2 5 "SS" 0.772 3.27 2 1 0 0 49.57 49.57 16
"74" 101829 "West" "Urban" 4 3 768 1496.583333 0 2 1 1 1 1 1 0 -996 "very low" 2 4 "SS" 1.614 4.28 3 1 1 0 85.3 75.66 25
"75" 101840 "South" "Rural" 4 2 1500 1281.166667 0 2 1 1 1 1 1 0 -996 "Low" 1 5 "SM" 5.653 11.12 3 0 0 0 25.77 25.77 11
"76" 101856 "West" "Urban" 4 3 1533.325567 1540 0 1 1 1 0 1 1 0 1 "Marginal" 1 4 "SS" 0.846 3.75 3 1 0 0 174.64 173.81 55
"77" 101881 "Midwest" "Urban" 4 1 1219 995.4166667 0 1 1 0 0 1 1 0 -996 "High" 1 5 "SS" 1.074 5.22 2 1 0 0 47.16 22.5 18
"78" 101924 "Midwest" "Urban" 4 1 0 995.4166667 0 3 1 0 0 1 1 0 -996 "Marginal" 2 4 "SS" 0.959 4.53 3 0 0 0 33.02 31.43 9
"79" 101934 "South" "Urban" 4 4 2740.606876 2005.75 0 1 1 1 0 1 1 0 -996 "Low" 2 4 "SS" 6.744 14.58 4 0 0 0 82.3 73.64 23
"80" 102086 "South" "Urban" 4 5 2665 2283.333333 0 2 2 1 0 1 1 0 1 "Marginal" 1 4 "SM" 1.024 3.88 3 0 1 0 138.46 97.8 45
"81" 102144 "West" "Urban" 4 3 2500 1540 0 1 3 1 0 1 1 0 1 "High" 1 5 "SS" 3.313 7.55 3 1 0 0 177.12 76.96 31
"82" 102167 "Northeast" "Urban" 4 6 3486.09083 2556.5 0 1 1 0 0 1 1 0 -996 "Low" 2 5 "SS" 0.409 1.43 4 0 0 0 71.45 71.45 26
"83" 102193 "West" "Urban" 4 3 2520 1540 0 1 1 1 0 1 1 0 1 "High" 1 5 "SS" 0.769 3.55 3 0 0 0 9.02 9.02 6
"84" 102230 "Northeast" "Urban" 4 4 1629.950301 1940.25 0 1 1 0 0 1 1 0 -996 "Marginal" 2 3 "SM" 1.294 5.1 4 0 0 0 37.2 37.2 25
"85" 102283 "South" "Urban" 4 3 2400 1541.5 0 1 1 1 0 1 1 0 -996 "High" 2 1 "SS" 2.379 6.55 4 1 0 0 35.51 35.51 17
"86" 102317 "South" "Rural" 4 1 718 917.5833333 0 2 1 1 0 1 1 0 -996 "High" 1 4 "SM" 7.649 19.53 1 1 0 1 66.69 66.69 31
"87" 102318 "West" "Urban" 4 6 9800 2637.25 0 1 1 1 1 1 1 0 -996 "Marginal" 1 5 "SS" 13.445 17.95 4 0 0 0 150.48 150.48 71
"88" 102324 "Midwest" "Rural" 4 4 1737.735957 2005.75 0 2 1 1 0 1 1 0 1 "very low" 2 1 "SS" 14.648 13.95 5 0 0 1 168.6 168.6 49
"89" 102336 "West" "Urban" 4 4 3640 2005.75 1 2 2 1 0 1 1 0 0 "Marginal" 2 1 "SS" 2.674 8.85 5 0 0 0 115.12 115.12 36
"90" 102391 "Midwest" "Rural" 4 4 1149.4 2005.75 0 2 3 1 0 1 1 0 0 "High" 1 2 "SM" 3.47 7.08 4 0 0 0 18.24 18.24 8
"91" 102411 "Midwest" "Rural" 4 4 2100 1940.25 0 2 1 1 0 1 1 0 -996 "Low" 1 3 "SS" 10.975 18.42 4 0 0 0 155.7 120.11 58
"92" 102420 "West" "Urban" 4 2 1700 1156.5 0 2 1 1 1 1 1 0 -996 "Low" 2 2 "SM" 0.462 2 4 1 0 0 23.07 23.07 11
"93" 102442 "South" "Urban" 4 3 225 1540 0 1 1 0 0 1 1 0 -996 "Marginal" 2 1 "SS" 2.328 8.88 1 0 0 0 10.19 10.19 7
"94" 102457 "Midwest" "Urban" 4 1 960 995.4166667 0 1 1 1 0 1 1 0 -996 "High" 1 5 "SM" 1.336 4.2 3 1 0 0 127.77 127.77 58
"95" 102487 "Northeast" "Urban" 4 1 875.72972 995.4166667 0 3 1 0 0 1 1 0 -996 "High" 1 5 "SS" 4.967 13.05 3 0 0 0 18.54 18.54 6
"96" 102488 "South" "Urban" 4 3 698 1541.5 0 1 1 1 0 1 1 0 -996 "Marginal" 1 2 "SM" 1.216 4.68 4 1 0 1 90.62 90.62 39
"97" 102508 "Midwest" "Rural" 4 5 3221.33 2283.333333 0 2 1 1 0 1 1 0 -996 "Low" 2 1 "SM" 0.421 2.08 5 0 0 0 46.35 46.35 17
"98" 102521 "Midwest" "Urban" 4 1 760 995.4166667 0 1 1 0 0 1 1 0 0 "very low" 2 2 "SS" 1.895 4 4 0 0 1 194.53 194.53 82
"99" 102536 "South" "Rural" 4 4 600 1973.416667 0 1 1 1 1 1 1 0 -996 "very low" 2 1 "SM" 5.681 11.52 5 0 0 0 24.92 24.92 12
"100" 102539 "South" "Rural" 4 2 1282 1281.166667 0 2 1 1 0 1 1 0 -996 "very low" 2 3 "SS" 5.152 11.18 2 1 0 0 58.71 58.71 38
"101" 102541 "West" "Urban" 4 1 1406.648747 995.4166667 0 1 1 0 0 1 1 1 -996 "very low" 3 3 "SS" 0.342 1.63 3 1 0 0 89.38 89.38 13
"102" 102545 "Midwest" "Urban" 4 4 1396 1947 0 1 1 0 0 1 1 0 -996 "very low" 1 5 "SM" 1.479 4.92 5 1 0 0 59.54 59.54 21
"103" 102584 "South" "Urban" 4 3 645 1541.5 0 1 1 0 0 1 1 0 1 "Low" 2 3 "SM" 1.949 5.28 2 0 1 0 7.29 1.15 3
"104" 102590 "West" "Urban" 4 5 900 2248.416667 0 1 1 0 0 1 1 0 1 "Low" 2 1 "SM" 0.7 2.73 1 1 0 0 66.83 66.83 17
"105" 102593 "West" "Urban" 4 1 628 995.4166667 0 1 1 0 0 1 1 0 -996 "very low" 2 2 "SS" 15.455 23.85 3 1 0 0 16.62 16.62 8
"106" 102606 "West" "Rural" 4 3 3413.303316 1496.583333 0 2 3 1 0 1 1 0 -996 "very low" 2 4 "SM" 14.822 16.63 2 0 0 0 226.21 184.13 37
"107" 102620 "South" "Rural" 4 4 1362 1940.25 0 1 1 0 0 1 1 0 -996 "Marginal" 2 2 "SM" 1.673 2.18 4 0 0 0 38.47 38.47 3
"108" 102716 "South" "Urban" 4 4 3899.594946 1940.25 0 1 2 1 0 1 1 0 0 "High" 1 5 "SM" 4.348 10.27 4 0 0 0 56.72 56.72 27
"109" 102726 "South" "Urban" 4 4 741.1526549 1940.25 0 1 1 0 0 1 1 0 -996 "Marginal" 2 1 "SS" 1.753 8.27 3 0 0 0 510.19 495.2 214
"110" 102753 "South" "Rural" 4 4 959.8207455 1973.416667 0 2 1 1 0 1 1 0 -996 "Low" 2 1 "SS" 5.28 10.7 5 0 0 0 216.38 216.38 85
"111" 102761 "West" "Urban" 4 3 2068.738 1540 0 3 1 0 0 1 1 0 1 "High" 1 3 "SS" 1.393 4.65 3 1 0 0 35.78 35.78 17
"112" 102764 "West" "Urban" 4 4 1540 1940.25 1 1 1 1 0 1 1 0 -996 "Marginal" 1 5 "SS" 2.679 7.38 1 1 0 0 4.11 4.11 1
"113" 102778 "West" "Urban" 4 3 2700.865041 1496.583333 0 1 1 1 0 1 1 0 -996 "very low" 3 3 "SM" 0.28 1.33 4 0 0 0 136.89 81.58 67
"114" 102783 "West" "Urban" 4 2 2094 1281.166667 1 2 1 1 0 1 1 1 -996 "Low" 4 1 "SS" 2.069 10.45 1 0 0 0 50.37 27.42 9
"115" 102805 "West" "Rural" 4 5 3640 2414.5 0 2 3 1 0 1 1 1 -996 "Marginal" 2 4 "SS" 21.892 28.12 4 0 0 0 32.71 32.71 13
"116" 102875 "South" "Urban" 4 2 3000 1281.166667 0 1 1 0 0 1 1 0 -996 "High" 1 1 "SM" 0.44 2.68 4 1 0 0 31.06 31.06 10
"117" 102931 "South" "Rural" 4 4 1300 1940.25 0 1 1 0 0 1 1 0 -996 "Low" 2 5 "SS" 17.718 23.15 3 0 0 0 248.16 214.3 83
"118" 103057 "Northeast" "Urban" 4 3 2669.4 1496.583333 0 2 1 1 0 1 1 0 -996 "Low" 2 5 "SM" 1.663 4.2 3 1 0 0 65.79 65.79 20
"119" 103086 "Midwest" "Urban" 4 3 492 1541.5 0 1 1 0 0 1 1 0 1 "Marginal" 2 1 "SS" 3.552 9.8 4 0 0 0 461.98 460.19 301
"120" 103089 "Midwest" "Urban" 4 1 0 995.4166667 0 1 1 0 0 1 1 0 -996 "High" 1 3 "SS" 1.458 5.77 4 0 0 0 75.48 75.48 36
"121" 103094 "Northeast" "Rural" 4 2 980 1281.166667 0 1 1 0 0 1 1 0 -996 "very low" 3 3 "SS" 5.219 11.88 4 0 0 0 137.14 132.3 60
"122" 103126 "Northeast" "Urban" 4 4 1600 1940.25 0 2 2 1 0 1 1 0 0 "High" 1 3 "SM" 3.099 8.17 2 1 0 0 61.89 49.83 20
"123" 103128 "South" "Urban" 4 2 0 1281.166667 0 1 2 1 1 1 1 0 -996 "very low" 1 5 "SM" 0.739 3.2 1 0 0 0 91.15 91.15 44
"124" 103143 "Northeast" "Urban" 4 5 11048 2414.5 0 2 1 1 0 1 1 0 1 "Marginal" 2 5 "SS" 20.744 27.37 4 0 0 0 201.61 141 28
"125" 103156 "Northeast" "Urban" 4 1 739 995.4166667 0 2 1 1 1 1 1 0 -996 "Marginal" 2 3 "SS" 2.172 7.8 4 0 0 0 52.74 52.74 23
"126" 103164 "South" "Rural" 4 3 1971.985874 1496.583333 0 1 1 0 0 1 1 0 -996 "High" 2 2 "SS" 1.682 7.03 4 1 0 0 81.78 81.78 30
"127" 103200 "Midwest" "Rural" 4 4 2488.012435 1940.25 0 2 1 1 0 1 1 0 -996 "Low" 1 1 "SM" 6.747 14.47 5 0 0 0 35.14 35.08 18
"128" 103221 "South" "Rural" 4 5 2100 2283.333333 0 1 1 1 0 1 1 0 0 "Low" 2 4 "SS" 2.81 5.53 2 0 0 0 39.52 39.52 11
"129" 103274 "Northeast" "Urban" 4 4 3336.662 1940.25 1 1 1 1 0 1 1 0 -996 "High" 1 2 "SM" 16.661 27.67 3 0 0 0 105.44 105.44 74
"130" 103314 "South" "Urban" 4 2 1260 1318.75 0 1 1 1 0 1 1 0 -996 "Marginal" 2 1 "SM" 2.874 6.93 3 0 1 0 101.29 92.27 35
"131" 103333 "Midwest" "Urban" 4 2 1217.9 1156.5 0 2 1 1 0 1 1 0 -996 "High" 1 5 "SM" 1.147 3.9 3 1 0 0 84.17 84.17 31
"132" 103338 "South" "Urban" 4 4 1421 1947 0 2 1 1 0 1 1 0 -996 "Marginal" 2 2 "SS" 3.063 6.62 3 1 0 0 140.57 140.57 83
"133" 103347 "South" "Rural" 4 10 2243 3871.166667 1 2 1 0 1 1 1 0 -996 "Low" 1 2 "SS" 10.502 17.18 4 0 0 0 38.01 38.01 8
"134" 103382 "Northeast" "Urban" 4 4 1460 1947 0 1 1 0 0 1 1 0 1 "High" 2 3 "SS" 3.869 8.92 5 0 0 0 177.29 177.29 66
"135" 103392 "Midwest" "Urban" 4 5 1490.67 2414.5 0 1 1 0 0 1 1 0 -996 "very low" 3 3 "SS" 7.701 13.33 3 0 0 0 75.47 75.47 26
"136" 103395 "Midwest" "Rural" 4 5 1153 2414.5 1 3 1 0 0 1 1 0 1 "Marginal" 2 2 "SS" 1.789 5.62 2 0 0 0 155.42 138.52 53
"137" 103440 "West" "Urban" 4 2 1490 1281.166667 0 2 1 1 0 1 1 0 -996 "High" 2 1 "SM" 9.956 18.07 5 0 0 0 78.65 62.07 26
"138" 103469 "West" "Urban" 4 7 2000 3101.416667 0 2 1 1 0 1 1 0 -996 "Low" 2 2 "SM" 0.333 1.63 3 0 0 0 153.61 130.86 61
"139" 103498 "Northeast" "Urban" 4 4 1300 1940.25 0 1 1 0 0 1 1 0 1 "Low" 1 3 "SS" 1.238 5.38 4 1 0 0 101.03 100.83 48
"140" 103517 "South" "Urban" 4 1 925.1892498 995.4166667 0 1 1 0 0 1 1 0 -996 "High" 1 1 "SS" 1.594 3.65 5 0 0 0 117.56 117.56 34
"141" 103545 "Midwest" "Urban" 4 2 3780 1281.166667 1 1 1 0 0 1 1 0 -996 "High" 1 3 "SS" 11.11 13.82 3 0 0 0 73.69 73.69 27
"142" 103558 "South" "Urban" 4 1 0 995.4166667 0 3 1 1 0 1 1 0 -996 "Marginal" 1 4 "SM" 3.282 8.27 2 1 1 1 39.57 39.57 27
"143" 103564 "West" "Urban" 4 4 0 1940.25 0 1 1 1 0 1 1 0 1 "Marginal" 2 3 "SM" 0.646 2.72 4 0 0 0 99.39 99.39 39
"144" 103609 "Midwest" "Rural" 4 1 325 995.4166667 1 2 3 1 0 1 1 0 -996 "High" 1 4 "SS" 18.862 31.35 3 0 0 0 36.46 35.46 22
"145" 103635 "West" "Urban" 4 6 1466.8 2556.5 0 1 1 1 0 1 1 0 0 "Marginal" 4 1 "SS" 1.081 4.05 4 1 0 0 567.26 503.36 241
"146" 103679 "South" "Urban" 4 5 1442 2248.416667 0 1 1 0 0 1 1 0 -996 "Low" 2 1 "SS" 3.139 7.62 3 0 1 0 9.26 9.26 6
"147" 103713 "West" "Urban" 4 11 1233.33 3968.333333 0 1 1 1 0 1 1 0 1 "Low" 3 1 "SS" 1.386 4.03 3 1 0 0 972.86 856.72 256
"148" 103715 "South" "Rural" 4 5 8012.455528 2414.5 0 2 3 1 0 1 1 0 -996 "High" 2 4 "SS" 13.803 23.75 3 0 0 0 66.97 66.97 23
"149" 103728 "Northeast" "Rural" 4 2 3050.67 1281.166667 0 2 1 1 0 1 1 0 -996 "Marginal" 2 3 "SM" 5.852 13.68 5 0 0 0 151.62 125.41 51
"150" 103737 "Northeast" "Urban" 4 4 1750 1940.25 0 2 1 1 0 1 1 0 -996 "Marginal" 2 5 "SS" 4.854 11.67 4 0 0 0 18.66 18.66 11
"151" 103803 "South" "Urban" 4 4 250 1947 0 2 1 0 0 1 1 0 1 "Low" 2 3 "SS" 2.364 7.1 4 0 0 0 123.42 120.4 75
"152" 103823 "South" "Urban" 4 2 1260 1318.75 0 1 1 1 0 1 1 0 -996 "High" 1 3 "SS" 4.105 9.77 2 1 0 0 56.09 40.91 17
"153" 103846 "South" "Urban" 4 5 3864 2283.333333 0 3 1 1 0 1 1 0 1 "High" 1 5 "SS" 1.088 4.47 3 0 0 0 110.71 110.71 38
"154" 103853 "Midwest" "Urban" 4 2 1573 1156.5 0 2 1 1 0 1 1 0 -996 "Marginal" 2 1 "SM" 0.619 2.27 3 1 0 0 134.58 106.46 50
"155" 103866 "West" "Urban" 4 3 1089 1496.583333 0 1 1 1 0 1 1 0 -996 "very low" 2 4 "SM" 0.815 2.33 3 1 0 0 42.42 34.49 37
"156" 103879 "Northeast" "Rural" 4 1 563 995.4166667 0 3 1 1 0 1 1 0 -996 "Low" 2 5 "SM" 12.61 18.8 2 0 0 0 11.4 11.4 3
"157" 103988 "South" "Urban" 4 3 405.4108776 1541.5 0 1 1 0 0 1 1 0 1 "Low" 1 4 "SS" 1.19 7.3 3 1 0 0 13.45 13.45 8
"158" 104023 "South" "Rural" 4 6 2123.338 2556.5 0 1 1 1 0 1 1 0 0 "Low" 2 5 "SS" 4.484 7.67 3 0 1 0 38.63 38.63 20
"159" 104027 "West" "Urban" 4 1 698 995.4166667 0 1 1 0 0 1 1 0 -996 "Low" 4 1 "SS" 0.342 1.63 4 0 0 0 78.66 78.66 37
"160" 104115 "Midwest" "Urban" 4 1 561 995.4166667 0 1 1 0 0 1 1 0 -996 "Marginal" 1 1 "SS" 5.181 9.37 4 0 0 0 118 118 25
"161" 104142 "West" "Urban" 4 2 1616 1156.5 0 2 2 1 0 1 1 0 -996 "High" 2 5 "SS" 3.723 10.75 3 0 0 0 21.6 11.89 8
"162" 104205 "Midwest" "Urban" 4 5 2434 2283.333333 0 1 1 0 0 1 1 1 -996 "very low" 2 5 "SS" 3.253 10.7 3 1 0 0 158.27 158.27 84
"163" 104213 "West" "Rural" 4 2 0 1318.75 0 1 1 1 0 1 1 0 -996 "Marginal" 3 1 "SS" 19.09 23.13 5 0 0 0 188.28 188.28 76
"164" 104223 "Midwest" "Urban" 4 2 2171 1156.5 0 1 1 1 0 1 1 1 -996 "High" 1 5 "SM" 0.39 3.87 3 0 0 0 39.23 38.57 21
"165" 104230 "South" "Urban" 4 6 6999.659502 2691.5 0 2 1 1 0 1 1 0 1 "High" 1 3 "SM" 5.128 10.13 4 0 0 0 59.41 38.22 22
"166" 104280 "West" "Rural" 4 2 1427 1156.5 0 2 1 1 0 1 1 0 -996 "Low" 2 5 "SS" 5.006 10 4 0 0 0 21.27 21.27 5
"167" 104301 "South" "Rural" 4 4 1516.662 1940.25 0 1 1 1 1 1 1 0 -996 "High" 2 3 "SM" 0.809 1 4 0 0 0 48.02 48.02 20
"168" 104302 "South" "Urban" 4 1 1044 995.4166667 0 2 1 1 0 1 1 0 -996 "Low" 2 3 "SM" 1.783 4.82 3 0 0 0 26.45 16.18 6
"169" 104328 "West" "Urban" 4 5 860 2283.333333 0 1 1 1 0 1 1 0 1 "Marginal" 1 1 "CO" 0.284 2.77 5 1 0 0 49.94 49.94 15
"170" 104376 "Midwest" "Rural" 4 1 825 995.4166667 1 2 1 1 0 1 1 0 -996 "High" 1 4 "SM" 2.408 6.08 2 0 0 0 23.57 17.91 6
"171" 104417 "West" "Urban" 4 6 6794.662 2748.166667 0 1 1 1 0 1 1 0 -996 "Marginal" 2 1 "SS" 3.292 10.02 4 0 0 0 64.99 54.5 37
"172" 104509 "South" "Rural" 4 1 842 995.4166667 0 2 1 1 0 1 1 0 -996 "Marginal" 2 4 "SS" 11.676 17.6 4 0 0 0 15.77 15.77 8
"173" 104538 "West" "Urban" 4 1 0 995.4166667 0 2 1 1 0 1 1 0 -996 "Marginal" 2 5 "SS" 0.715 3.18 4 1 0 0 86.42 82.85 56
"174" 104542 "South" "Urban" 4 2 4868.627148 1281.166667 0 1 1 0 0 1 1 0 -996 "Marginal" 2 4 "SM" 0.761 3.27 3 0 0 0 44.02 36.07 20
"175" 104545 "South" "Urban" 4 1 7067.723503 995.4166667 0 1 1 0 0 1 1 0 -996 "Marginal" 1 1 "SM" 8.198 12.13 4 0 0 0 13.05 13.05 7
"176" 104575 "South" "Urban" 4 3 1226.33 1541.5 0 1 1 1 0 1 1 0 -996 "High" 2 3 "SS" 0.309 1.07 5 0 0 0 283.25 283.25 94
"177" 104607 "Midwest" "Urban" 4 1 1069 995.4166667 0 1 1 0 0 1 1 0 -996 "High" 1 5 "SS" 0.959 4.53 3 1 0 0 15.8 15.3 5
"178" 104667 "South" "Rural" 4 5 2799 2340.583333 0 2 1 1 0 1 1 0 -996 "very low" 2 5 "SS" 2.165 8.47 3 0 1 0 465.1 463.09 245
"179" 104669 "Northeast" "Rural" 4 5 2225.66 2340.583333 0 1 1 0 0 1 1 0 -996 "Marginal" 2 4 "SM" 4.063 6.88 3 1 0 0 327.74 322.35 157
"180" 104727 "South" "Rural" 4 2 1024 1156.5 0 1 1 1 0 1 1 0 -996 "High" 2 5 "SS" 2.87 5.78 2 0 0 0 79.82 67.51 29
"181" 104734 "West" "Rural" 4 3 2001 1540 0 2 1 1 0 1 1 0 1 "Low" 1 3 "SS" 14.124 17.93 5 1 0 0 298.21 214.27 134
"182" 104777 "South" "Rural" 4 4 284 1947 0 1 1 1 0 1 1 0 0 "High" 2 1 "SS" 9.529 15.83 4 1 0 0 17.09 17.09 8
"183" 104789 "South" "Urban" 4 5 1895.338 2283.333333 0 1 1 1 1 1 1 0 -996 "very low" 3 1 "SM" 0.629 2.4 4 1 0 0 95.12 88.14 32
"184" 104795 "South" "Urban" 4 4 449 1940.25 0 2 1 1 0 1 1 0 1 "Marginal" 1 1 "SM" 0.5 2.13 4 0 0 0 59.11 59.11 19
"185" 104825 "South" "Urban" 4 4 1560 1940.25 0 2 1 1 0 1 1 0 -996 "High" 2 2 "SS" 0.985 4.38 3 1 1 0 42.27 40.59 14
"186" 104857 "South" "Urban" 4 5 3345 2379.833333 0 1 1 1 1 1 1 1 -996 "Low" 1 3 "SS" 0.661 2.23 2 1 0 0 167.53 167.45 48
"187" 104863 "Midwest" "Rural" 4 3 2100 1540 0 2 1 1 0 1 1 0 -996 "Marginal" 2 5 "SS" 22.739 32.38 2 0 0 0 330.66 280.91 88
"188" 104864 "South" "Urban" 4 9 779 3871.166667 0 1 1 1 0 1 1 0 -996 "Low" 3 1 "SM" 0.544 2.72 4 1 0 0 238.69 180.58 128
"189" 104872 "Northeast" "Urban" 4 2 1413.338 1281.166667 0 1 1 0 0 1 1 0 -996 "Marginal" 1 1 "SS" 0.862 2.52 3 0 0 0 29.78 27.78 10
"190" 104921 "South" "Rural" 4 7 1889.453598 2863.5 0 1 1 1 0 1 1 0 0 "very low" 2 1 "SM" 1.494 5.48 3 0 0 0 229.13 229.13 151
"191" 104990 "South" "Urban" 4 3 1380 1496.583333 0 1 1 1 0 1 1 0 -996 "Marginal" 1 5 "SM" 0.521 2.07 3 1 0 0 53.56 46.34 26
"192" 105072 "Northeast" "Urban" 4 2 640 1156.5 0 2 1 1 0 1 1 0 -996 "Marginal" 2 3 "SM" 1.491 4.9 3 0 0 0 58.18 58.18 37
"193" 105089 "West" "Urban" 4 5 4060 2283.333333 1 1 1 0 0 1 1 0 -996 "High" 1 5 "SM" 1.22 6.07 2 1 0 0 273.34 273.34 77
"194" 105122 "Midwest" "Rural" 4 1 1008 917.5833333 0 1 1 1 1 1 1 0 -996 "Marginal" 2 2 "SS" 2.181 6.73 3 1 0 0 21.14 16 7
"195" 105141 "South" "Urban" 4 3 1400 1496.583333 0 2 1 1 0 1 1 0 -996 "Low" 2 1 "SS" 1.276 7.45 4 -998 1 0 11.62 11.62 10
"196" 105177 "South" "Urban" 4 5 1600 2283.333333 0 1 1 1 0 1 1 0 1 "Low" 2 2 "SS" 1.798 6.2 3 0 0 0 110.95 109.91 17
"197" 105241 "West" "Rural" 4 3 3080 1540 0 1 2 1 0 1 1 0 1 "High" 2 4 "SS" 21.404 23.22 4 1 0 0 20.53 8.07 4
"198" 105256 "Midwest" "Urban" 4 5 3430 2283.333333 0 1 1 1 0 1 1 0 0 "Low" 2 3 "SM" 0.397 3.88 3 0 0 0 336.33 336.33 89
"199" 105292 "West" "Rural" 4 3 964 1541.5 0 1 1 1 1 1 1 0 -996 "Low" 2 4 "SS" 16.494 19.13 1 1 0 0 192.28 120.62 37
"200" 105350 "South" "Rural" 4 2 1350 1318.75 0 2 1 1 1 1 1 0 -996 "Low" 2 3 "SM" 8.855 16.03 3 1 0 0 7.06 7.06 1
"201" 105383 "West" "Urban" 4 4 2100 1947 0 1 1 1 1 1 1 0 -996 "Low" 1 1 "SS" 3.218 9.23 3 0 0 0 108.77 60.94 55
"202" 105385 "West" "Urban" 4 6 1397.21743 2556.5 0 1 1 1 0 1 1 0 -996 "Low" 1 1 "SS" 6.014 14.92 4 1 0 0 39.3 39.07 25
"203" 105424 "Northeast" "Urban" 4 2 450 1318.75 0 1 1 0 0 1 1 0 -996 "Low" 2 5 "SS" 4.995 12.43 4 0 0 1 110.53 110.53 42
"204" 105426 "South" "Rural" 4 5 1890 2283.333333 0 1 1 1 1 1 1 0 1 "Low" 2 3 "SM" 3.386 6.98 4 0 0 0 161.91 161.91 64
"205" 105460 "Northeast" "Urban" 4 4 617.7363964 1940.25 0 1 2 0 0 1 1 0 -996 "High" 1 2 "SS" 0.778 2.98 4 0 0 0 88.87 88.87 41
"206" 105503 "South" "Urban" 4 3 2496.335012 1540 1 1 1 1 0 1 1 0 1 "Low" 2 1 "SS" 2.469 5.57 4 1 0 0 43.75 32.76 15
"207" 105522 "South" "Urban" 4 2 1235 1318.75 0 1 1 0 0 1 1 0 -996 "Low" 2 3 "CO" 2.296 6.88 3 1 0 0 203.7 179.15 68
"208" 105649 "South" "Urban" 4 1 714 995.4166667 0 2 1 1 0 1 1 0 -996 "Low" 3 5 "SM" 1.925 4.98 5 0 0 0 67.57 64.57 22
"209" 105657 "Northeast" "Rural" 4 2 1664 1156.5 0 1 1 1 0 1 1 0 -996 "Marginal" 2 5 "SM" 6.928 10.08 3 1 0 0 105.08 48 67
"210" 105676 "South" "Urban" 4 5 600.9079735 2414.5 0 2 1 1 0 1 1 0 1 "Marginal" 2 3 "SS" 3.954 6.93 3 1 0 1 151.42 151.42 77
"211" 105680 "South" "Urban" 4 3 1967 1541.5 0 1 1 1 0 1 1 0 -996 "High" 1 5 "SS" 4.928 10.75 3 0 0 0 31.13 31.13 10
"212" 105689 "Midwest" "Urban" 4 1 247 995.4166667 0 1 1 0 0 1 1 0 -996 "Marginal" 1 2 "SM" 1.242 4.5 4 0 0 0 165.13 165.13 66
"213" 105763 "South" "Urban" 4 6 1520 2691.5 0 2 1 1 1 1 1 1 0 "High" 2 3 "SM" 10.584 16.9 2 1 0 0 195.72 190.73 68
"214" 105796 "South" "Urban" 4 4 2005.270858 2005.75 0 1 1 1 0 1 1 0 0 "Low" 1 1 "SS" 6.874 11.97 4 0 0 0 45.28 45.28 21
"215" 105804 "West" "Urban" 4 2 723 1281.166667 0 1 1 1 0 1 1 0 1 "very low" 3 4 "SS" 3.336 7.83 5 0 0 0 168.03 168.03 68
"216" 105813 "Midwest" "Urban" 4 3 525 1541.5 0 1 1 1 0 1 1 0 -996 "High" 1 1 "SM" 3.149 8.98 4 0 0 0 83.42 60 34
"217" 105840 "South" "Urban" 4 2 1161 1281.166667 0 1 1 1 0 1 1 0 1 "High" 2 1 "SM" 0.772 3.23 2 0 0 0 50 50 3
"218" 105940 "South" "Urban" 4 2 0 1281.166667 0 2 1 1 0 1 1 0 0 "Marginal" 1 1 "SS" 3.723 9.32 3 1 0 0 118.27 86.87 58
"219" 105946 "South" "Rural" 4 5 1188 2283.333333 0 1 1 1 0 1 1 0 -996 "Low" 2 3 "SS" 3.831 12.77 4 0 0 0 133.26 133.26 56
"220" 105950 "Northeast" "Urban" 4 9 7167.538 4075.666667 0 1 1 1 0 1 1 0 0 "Low" 1 3 "SM" 0.391 2.95 3 1 0 0 206.68 53.71 11
"221" 105985 "Midwest" "Urban" 4 3 1152 1541.5 0 1 1 0 1 1 1 0 -996 "Marginal" 2 5 "SS" 1.421 4.38 5 0 0 0 195.83 185.66 75
"222" 105995 "West" "Urban" 4 4 1479.003285 1940.25 0 1 1 1 0 1 1 0 0 "Low" 2 3 "SM" 2.315 9.68 3 1 0 0 118.96 106.75 52
"223" 106010 "Midwest" "Rural" 4 5 2570 2248.416667 0 1 1 1 0 1 1 0 1 "High" 2 2 "SM" 2.025 4.75 4 0 0 1 15.4 15.4 7
"224" 106041 "South" "Urban" 4 1 1757.205315 995.4166667 0 1 1 1 0 1 1 0 -996 "Marginal" 1 3 "SM" 0.463 2.75 2 1 0 0 19.93 19.93 9
"225" 106095 "West" "Urban" 4 7 0 3054.25 0 1 1 1 0 1 1 0 0 "very low" 3 4 "SM" 2.382 6.52 3 0 0 0 8.8 8.8 9
"226" 106135 "South" "Rural" 4 6 2094.742613 2691.5 0 2 1 1 1 1 1 0 -996 "very low" 2 4 "SS" 12.826 24.73 5 0 0 0 104.86 104.86 48
"227" 106265 "South" "Urban" 4 7 6499.173918 3054.25 0 1 1 1 1 1 1 1 -996 "very low" 2 1 "SS" 2.813 6 5 0 0 0 208.88 208.88 67
"228" 106311 "South" "Urban" 4 3 2726.662 1540 0 1 1 1 0 1 1 0 1 "High" 1 4 "SM" 0.708 2.7 2 1 0 0 36.42 20.37 3
"229" 106313 "South" "Urban" 4 2 700 1156.5 0 2 1 1 0 1 1 1 -996 "Low" 1 1 "SM" 0.955 3 4 1 0 0 4.56 4.56 2
"230" 106322 "West" "Urban" 4 4 0 2005.75 0 1 1 1 0 1 1 0 -996 "very low" 2 1 "SS" 0.811 4.45 2 0 0 0 200.46 200.46 60
"231" 106367 "Northeast" "Urban" 4 3 1289.180049 1540 0 1 1 0 0 1 1 0 -996 "Marginal" 1 2 "SM" 1.061 4 4 0 0 0 219.16 219.16 72
"232" 106377 "West" "Urban" 4 1 742.67 995.4166667 0 1 1 1 1 1 1 0 -996 "very low" 4 3 "SS" 1.714 4.4 5 0 0 0 40.37 40.37 16
"233" 106388 "South" "Urban" 4 7 1477.918897 3101.416667 0 1 1 1 0 1 1 0 0 "Low" 4 1 "SS" 14.894 19.63 3 1 0 0 125.62 125.62 85
"234" 106398 "Northeast" "Urban" 4 3 1305.571151 1540 0 1 1 1 0 1 1 0 -996 "Marginal" 1 3 "SS" 25.282 28.92 3 0 0 0 30.63 30.63 13
"235" 106432 "South" "Rural" 4 2 1120 1281.166667 0 3 1 1 0 1 1 0 -996 "Low" 2 3 "SS" 18.107 23.67 4 0 0 0 254.42 184 61
"236" 106442 "Midwest" "Urban" 4 5 4880 2414.5 0 2 1 1 1 1 1 0 -996 "Marginal" 1 2 "SM" 1.563 3.95 2 1 0 0 89.37 79.38 16
"237" 106462 "South" "Rural" 4 3 2400 1540 0 2 1 1 0 1 1 0 -996 "Low" 2 1 "SS" 10.472 19.9 4 0 0 0 92.86 52.2 18
"238" 106464 "South" "Urban" 4 5 3402.992911 2340.583333 0 1 1 1 0 1 1 0 -996 "Marginal" 2 3 "SS" 0.255 1.45 3 0 0 1 103.27 103.27 49
"239" 106467 "West" "Urban" 4 5 1080 2248.416667 0 1 1 0 0 1 1 0 1 "High" 2 2 "MG" 0.093 1 4 1 0 0 47.76 25.36 9
"240" 106471 "South" "Rural" 4 4 1929 1973.416667 0 2 1 1 0 1 1 0 -996 "very low" 1 3 "SS" 4.442 6.2 2 1 0 0 11.73 11.73 4
"241" 106472 "West" "Urban" 4 2 1794.258428 1281.166667 0 2 1 1 0 1 1 0 -996 "Marginal" 2 5 "SM" 1.649 4.95 4 0 0 0 10.29 1.19 2
"242" 106475 "Northeast" "Urban" 4 3 1274 1541.5 0 1 1 1 0 1 1 0 1 "High" 2 3 "SS" 1.726 6.43 4 0 0 0 77.17 77.17 43
"243" 106477 "Midwest" "Urban" 4 2 867 1318.75 0 1 1 1 0 1 1 0 -996 "very low" 2 5 "SS" 4.511 12.28 5 0 0 0 69.96 69.96 29
"244" 106582 "South" "Rural" 4 4 2256.8 1940.25 0 1 1 1 0 1 1 0 1 "Low" 2 5 "SM" 4.873 9.1 4 0 0 0 325.73 313.69 123
"245" 106627 "South" "Rural" 4 1 670 995.4166667 0 3 1 1 1 1 1 0 -996 "Low" 3 5 "SM" 11.584 25.15 1 1 0 0 6.99 6.99 1
"246" 106630 "Northeast" "Rural" 4 1 968 995.4166667 0 1 1 0 0 1 1 0 -996 "Low" 2 5 "SS" 5.219 11.88 5 0 0 0 73.07 66.52 34
"247" 106648 "Midwest" "Urban" 4 1 808 995.4166667 0 1 1 1 0 1 1 0 -996 "Low" 1 2 "SS" 0.772 4.6 4 0 0 0 33.64 33.64 14
"248" 106658 "West" "Urban" 4 5 4040 2379.833333 0 2 1 1 1 1 1 0 -996 "Marginal" 4 5 "SS" 2.06 6.82 4 0 0 0 128.91 82.45 14
"249" 106700 "Midwest" "Urban" 4 4 1140 1947 0 1 1 1 0 1 1 0 1 "High" 1 5 "SS" 3.217 10.4 4 1 0 0 173.94 149.44 49
"250" 106715 "West" "Urban" 4 2 1710 1281.166667 0 2 1 0 0 1 1 0 -996 "Low" 2 5 "CO" 0.388 2.95 4 1 0 0 97.81 95.51 47
"251" 106727 "South" "Rural" 4 2 1338 1281.166667 0 2 1 1 0 1 1 0 -996 "Marginal" 1 2 "SM" 2.182 5.03 1 0 0 0 54.62 53.21 30
"252" 106728 "Northeast" "Urban" 4 3 675 1540 0 1 1 0 0 1 1 0 1 "High" 1 5 "SM" 1.726 5.33 3 1 0 0 233.26 232.35 36
"253" 106730 "Midwest" "Rural" 4 3 1213.338 1540 0 1 1 1 1 1 1 0 -996 "High" 1 5 "SS" 2.215 6.45 3 0 0 0 50.76 48.56 33
"254" 106784 "South" "Rural" 4 1 710 995.4166667 0 2 1 1 0 1 1 0 -996 "Marginal" 1 3 "SM" 12.117 21.8 3 1 0 0 45.79 45.79 22
"255" 106796 "South" "Rural" 4 3 205 1541.5 0 1 1 0 0 1 1 0 -996 "Marginal" 2 1 "SM" 0.808 3.3 4 0 0 0 123.79 123.79 48
"256" 106805 "West" "Rural" 4 3 2200 1496.583333 0 3 4 1 0 1 1 0 -996 "High" 1 5 "SM" 31.5 46.92 3 0 0 0 117.02 117.02 52
"257" 106820 "Midwest" "Urban" 4 2 1143.05 1318.75 0 1 1 1 0 1 1 0 -996 "Marginal" 2 3 "SS" 1.058 2.95 4 0 0 0 51.16 18.66 8
"258" 106847 "South" "Urban" 4 5 1280 2414.5 0 1 1 1 1 1 1 0 1 "High" 2 4 "SM" 1.29 2.37 4 0 0 0 15.83 15.13 5
"259" 106854 "South" "Urban" 4 4 1120 1940.25 0 1 1 1 1 1 1 0 0 "Marginal" 3 3 "SM" 0.284 1.93 4 0 0 0 50.09 50.09 14
"260" 106896 "Midwest" "Rural" 4 1 789 995.4166667 0 1 1 0 0 1 1 1 -996 "very low" 2 4 "SS" 25.564 32.85 5 0 0 0 79.15 79.15 39
"261" 106934 "West" "Urban" 4 3 1872.662 1540 1 2 1 1 0 1 1 0 -996 "High" 1 5 "SS" 3.488 8.47 3 0 0 0 88.29 84.54 19
"262" 106983 "South" "Urban" 4 5 1391.411133 2283.333333 0 1 1 1 0 1 1 0 -996 "Low" 1 1 "SS" 3.171 10.22 4 1 0 0 63.62 63.62 24
"263" 107018 "South" "Urban" 4 3 1440 1541.5 0 1 1 1 0 1 1 0 0 "Marginal" 2 1 "SS" 7.581 14.97 4 0 0 0 129.8 129.1 15
"264" 107019 "West" "Urban" 4 9 2562 4153.75 0 2 1 1 0 1 1 0 1 "High" 2 5 "SM" 55.149 61.72 4 0 0 0 6.5 0.5 3
"265" 107025 "South" "Urban" 4 5 2073.338 2414.5 0 1 1 1 0 1 1 0 -996 "High" 1 3 "SM" 1.108 3.58 2 1 0 0 70.19 70.19 25
"266" 107026 "Northeast" "Rural" 4 3 1394 1541.5 0 1 1 1 0 1 1 0 0 "Marginal" 2 3 "SS" 5.148 11.42 2 0 1 0 64.45 64.45 31
"267" 107047 "West" "Rural" 4 4 1904 1940.25 1 1 1 1 0 1 1 0 -996 "High" 2 5 "SS" 31.155 46.32 2 0 0 1 135.43 132.46 78
"268" 107050 "Midwest" "Urban" 4 2 2442.607134 1156.5 0 2 1 1 0 1 1 1 -996 "High" 1 1 "SS" 1.953 5.93 2 0 0 0 72.48 72.48 33
"269" 107053 "South" "Urban" 4 1 850 995.4166667 0 1 1 1 0 1 1 0 -996 "very low" 2 5 "SM" 3.026 5.52 3 1 0 0 50 55 18
"270" 107072 "West" "Urban" 4 2 3360.211097 1318.75 0 1 3 1 0 1 1 0 1 "High" 2 2 "SS" 1.666 4.28 4 1 0 0 6.17 6.17 2
"271" 107125 "Midwest" "Urban" 4 1 698 995.4166667 0 1 1 0 0 1 1 0 -996 "Marginal" 2 5 "SS" 1.831 5.23 2 1 0 0 33.15 22.4 13
"272" 107131 "Northeast" "Urban" 4 3 700 1496.583333 0 1 1 1 0 1 1 0 -996 "High" 2 3 "SM" 3.754 9.95 4 1 0 0 53.84 53.84 32
"273" 107141 "West" "Urban" 4 4 2894.662 2005.75 0 1 1 1 0 1 1 0 0 "High" 2 4 "SS" 0.698 3.38 4 0 0 0 71.49 71.49 38
"274" 107187 "South" "Urban" 4 6 2800 2556.5 0 1 1 1 0 1 1 0 -996 "Marginal" 2 1 "SS" 0.774 3.32 4 1 0 0 355.28 355.28 139
"275" 107195 "South" "Urban" 4 5 595 2414.5 0 2 1 1 0 1 1 0 -996 "High" 1 1 "SS" 2.111 5.42 3 1 0 0 97.05 85.94 29
"276" 107259 "Midwest" "Urban" 4 1 0 995.4166667 0 1 1 0 0 1 1 0 -996 "High" 1 1 "SS" 0.51 2.28 2 0 0 0 68.95 68.95 38
"277" 107265 "West" "Urban" 4 8 5650 3148.083333 1 2 1 1 0 1 1 0 -996 "Marginal" 3 4 "SM" 1.736 6.42 4 1 0 0 144.9 144.9 48
"278" 107335 "Northeast" "Rural" 4 3 2193.633956 1541.5 0 1 1 0 0 1 1 0 0 "High" 1 5 "SS" 0.807 3.05 2 1 0 0 74.99 64.39 27
"279" 107408 "South" "Urban" 4 1 0 995.4166667 0 1 1 1 0 1 1 1 -996 "very low" 2 5 "SS" 2.118 5.53 4 0 0 0 18.25 18.25 7
"280" 107411 "West" "Rural" 4 7 8357 2966.166667 0 1 3 1 0 1 1 0 1 "High" 2 5 "SS" 3.978 9.13 4 0 0 0 27.06 27.06 14
"281" 107414 "West" "Urban" 4 2 4772 1281.166667 0 2 3 1 0 1 1 0 -996 "High" 1 5 "SS" 5.49 13.8 2 1 0 0 9.37 7.38 4
"282" 107444 "Midwest" "Urban" 4 1 718 995.4166667 0 1 1 1 1 1 1 0 -996 "Low" 2 4 "SM" 0.915 2.32 4 0 0 0 33.98 32.72 22
"283" 107448 "South" "Rural" 4 5 2735 2283.333333 0 3 1 1 0 1 1 0 0 "Marginal" 2 4 "SS" 4.884 10.05 4 0 0 0 239.83 239.83 79
"284" 107463 "Midwest" "Urban" 4 2 2150 1318.75 0 1 1 0 1 1 1 0 0 "very low" 2 3 "SS" 0.746 2.57 4 0 0 0 34.03 34.03 9
"285" 107497 "Midwest" "Urban" 4 2 7531.81765 1281.166667 0 2 1 1 0 1 1 0 -996 "High" 2 5 "SM" 2.679 7.38 2 0 0 0 47.77 47.77 19
"286" 107522 "Midwest" "Rural" 4 1 1174 917.5833333 1 2 1 1 1 1 1 0 -996 "High" 2 1 "SS" 2.365 4.3 4 0 0 0 71.31 32 25
"287" 107534 "Northeast" "Urban" 4 1 749.25 917.5833333 0 1 1 1 0 1 1 0 -996 "Low" 2 5 "SS" 0.829 2.77 3 1 0 0 35.09 35.09 18
"288" 107541 "South" "Rural" 4 1 500 995.4166667 0 1 1 1 0 1 1 0 -996 "Low" 3 5 "SS" 1.452 6.82 5 0 0 0 49.18 49.18 31
"289" 107546 "Midwest" "Urban" 4 8 350 3148.083333 0 1 3 1 0 1 1 0 0 "Marginal" 2 1 "SS" 3.59 8.68 1 0 0 1 121.66 121.66 29
"290" 107555 "South" "Urban" 4 4 1728.605513 1940.25 0 1 1 1 0 1 1 0 1 "Marginal" 1 1 "SS" 3.247 10.43 4 0 0 0 91.67 91.67 86
"291" 107561 "South" "Urban" 4 6 3262.6 2637.25 0 2 1 1 0 1 1 0 -996 "Marginal" 1 1 "SM" 3.687 7.28 5 0 0 0 257.91 257.91 105
"292" 107586 "West" "Urban" 4 4 1500 1940.25 0 1 1 0 0 1 1 0 1 "High" 1 2 "SM" 1.272 3.55 3 0 0 0 52.24 52.24 40
"293" 107590 "West" "Urban" 4 1 106.2008526 995.4166667 0 3 1 1 0 1 1 0 -996 "Low" 3 5 "SM" 0.211 1.1 5 1 0 0 17.87 17.87 9
"294" 107621 "West" "Urban" 4 6 3080 2637.25 0 1 1 0 0 1 1 0 1 "Low" 2 3 "SM" 1.575 5.13 3 0 0 0 35.87 35.87 23
"295" 107623 "West" "Rural" 4 2 968 1281.166667 0 1 2 1 1 1 1 0 -996 "Low" 2 3 "SS" 11.357 19.7 3 0 0 0 30.26 30.26 11
"296" 107625 "West" "Urban" 4 2 1434 1281.166667 0 2 1 1 1 1 1 0 -996 "Low" 2 5 "SS" 2.027 10.17 5 0 0 0 249.13 200.09 92
"297" 107699 "Northeast" "Urban" 4 3 2872.825802 1540 0 1 1 0 0 1 1 0 1 "Low" 2 2 "SM" 1.115 5.8 2 1 0 0 158.02 158.02 86
"298" 107701 "Northeast" "Urban" 4 2 1790 1281.166667 0 1 1 0 0 1 1 0 -996 "High" 2 1 "SM" 1.275 4.77 5 1 0 0 71.69 71.69 14
"299" 107710 "Northeast" "Urban" 4 3 2100 1496.583333 0 1 1 1 0 1 1 0 -996 "Low" 4 5 "SM" 1.488 5.92 3 0 0 0 65.18 65.18 18
"300" 107737 "South" "Urban" 4 3 2400 1540 1 1 1 1 0 1 1 0 -996 "High" 1 3 "SM" 0.344 1.6 2 0 0 1 190.95 172.53 78
"301" 107769 "South" "Rural" 4 1 698 995.4166667 0 1 1 0 0 1 1 0 -996 "Marginal" 2 2 "SM" 1.581 4.42 4 0 0 0 82.76 65 27
"302" 107783 "Midwest" "Urban" 4 6 1352 2691.5 0 1 1 1 0 1 1 0 -996 "Marginal" 2 5 "SM" 0.698 3.1 4 0 0 0 156.4 156.4 38
"303" 107802 "Northeast" "Urban" 4 6 1670 2556.5 0 2 1 1 0 1 1 0 1 "High" 1 5 "SM" 2.144 3.33 3 0 0 0 79.01 74.78 24
"304" 107810 "South" "Rural" 4 6 3669.984969 2637.25 0 1 1 1 1 1 1 0 -996 "Low" 2 5 "SM" 2.307 6.5 4 0 0 0 522.37 234.94 116
"305" 107836 "West" "Urban" 4 4 3550 1973.416667 0 1 1 1 0 1 1 0 -996 "Low" 1 3 "SS" 2.044 6.77 4 0 0 0 317.76 262.87 70
"306" 107888 "South" "Rural" 4 6 668 2637.25 0 1 1 0 0 1 1 1 -996 "very low" 2 3 "SM" 12.075 15.82 3 0 0 0 384.77 384.77 152
"307" 107925 "West" "Urban" 4 6 4019.059157 2748.166667 0 2 1 1 1 1 1 0 -996 "Low" 2 1 "SM" 4.144 8.58 5 0 0 0 164.97 164.97 48
"308" 107946 "South" "Urban" 4 5 2470.538 2283.333333 0 1 1 1 0 1 1 0 -996 "High" 1 2 "SS" 1.286 5.12 3 1 0 1 194.56 194.56 82
"309" 107969 "West" "Urban" 4 3 250 1541.5 0 1 1 1 0 1 1 0 0 "Marginal" 1 4 "SS" 1.52 4.37 3 0 0 0 100 100 1
"310" 107984 "West" "Urban" 4 3 584.888725 1541.5 0 1 1 0 0 1 1 0 -996 "Marginal" 1 3 "SM" 4.315 11.42 4 0 0 0 20.53 20.53 18
"311" 108045 "South" "Urban" 4 6 1820 2556.5 0 1 1 1 0 1 1 0 0 "Marginal" 2 1 "SS" 2.976 8.77 4 1 0 0 48.83 45.49 24
"312" 108046 "Midwest" "Rural" 4 1 0 995.4166667 0 1 1 1 0 1 1 0 -996 "Low" 1 5 "SS" 14.658 21.1 3 0 0 0 99.63 99.63 51
"313" 108059 "Midwest" "Urban" 4 4 1400 1947 1 2 1 1 0 1 1 0 0 "High" 2 1 "SS" 2.594 8.7 4 0 0 0 68.35 68.35 21
"314" 108097 "South" "Urban" 4 1 446 917.5833333 0 3 1 1 0 1 1 0 -996 "High" 1 4 "SM" 1.11 2.48 1 1 0 0 10.53 10.53 3
"315" 108103 "Northeast" "Rural" 4 1 935 917.5833333 0 3 1 1 0 1 1 0 -996 "Low" 3 5 "SM" 27.178 38.8 2 1 0 0 48.62 16 13
"316" 108106 "Midwest" "Urban" 4 1 782 995.4166667 0 1 1 0 0 1 1 0 -996 "Marginal" 2 3 "SS" 1.061 2.95 3 0 0 0 190.03 90.24 47
"317" 108120 "Midwest" "Urban" 4 11 2600 3698.916667 0 1 2 1 0 1 1 1 1 "Marginal" 1 3 "SS" 0.424 3.15 3 0 0 0 221.45 221.45 86
"318" 108123 "West" "Rural" 4 2 1260 1281.166667 0 1 1 0 0 1 1 0 -996 "very low" 3 4 "MG" 6.206 13.63 2 1 0 1 97.2 97.09 42
"319" 108128 "Northeast" "Rural" 4 1 206 995.4166667 0 1 1 0 0 1 1 0 -996 "very low" 3 1 "CO" 4.806 10.83 3 0 0 1 78.88 78.88 27
"320" 108131 "South" "Urban" 4 5 345.7064109 2340.583333 0 2 1 1 0 1 1 0 -996 "Low" 3 5 "SS" 3.111 8.25 4 0 0 0 37.21 37.21 15
"321" 108139 "West" "Urban" 4 4 7924.080203 1940.25 1 1 2 1 0 1 1 0 -996 "High" 1 2 "SM" 0.72 2.92 3 1 0 0 506.24 363.88 132
"322" 108172 "South" "Urban" 4 4 1200 1973.416667 0 1 1 1 1 1 1 0 -996 "very low" 2 2 "SM" 0.928 2.73 3 0 0 0 12.92 12.92 3
"323" 108200 "South" "Urban" 4 1 764 995.4166667 0 1 1 0 0 1 1 0 -996 "High" 3 1 "SM" 0.987 2.27 3 1 0 0 201.09 198.01 64
"324" 108235 "Northeast" "Urban" 4 7 2503 2863.5 0 1 1 0 0 1 1 0 1 "Marginal" 2 5 "SM" 1.059 3.98 4 0 0 0 292.3 292.3 145
"325" 108244 "South" "Urban" 4 4 0 1940.25 0 1 1 1 0 1 1 0 1 "Low" 2 5 "SM" 2.659 5.73 4 0 1 0 93.7 61.17 47
"326" 108262 "South" "Urban" 4 6 996.817092 2556.5 0 1 1 1 0 1 1 0 -996 "very low" 4 1 "CO" 2.082 7.2 4 1 0 0 134.74 123.31 41
"327" 108287 "Midwest" "Urban" 4 2 265.0064898 1156.5 0 2 1 1 0 1 1 1 -996 "Marginal" 2 1 "SS" 2.901 6.75 4 0 0 0 54.29 54.29 21
"328" 108300 "South" "Urban" 4 4 910 1947 0 1 1 1 0 1 1 0 0 "High" 1 2 "SS" 1.812 6.33 2 0 0 0 132.45 118.61 94
"329" 108327 "South" "Urban" 4 5 1433 2283.333333 0 1 1 1 0 1 1 0 -996 "High" 1 4 "SS" 1.808 6.33 5 0 0 0 124.88 124.88 41
"330" 108337 "West" "Urban" 4 5 1915.92 2283.333333 0 1 1 0 0 1 1 0 1 "very low" 2 3 "SS" 2.223 7.8 5 0 0 0 63.45 59.11 47
"331" 108341 "South" "Urban" 4 2 698 1281.166667 0 1 1 0 1 1 1 0 -996 "very low" 4 3 "SM" 1.948 5.28 5 0 0 0 147.23 147.23 70
"332" 108353 "South" "Urban" 4 3 2032.824345 1496.583333 1 1 1 1 0 1 1 0 -996 "very low" 2 1 "SM" 0.677 2.6 3 0 0 0 25.48 25.48 24
"333" 108417 "Northeast" "Urban" 4 2 2208 1318.75 0 2 1 1 1 1 1 0 1 "Marginal" 2 5 "SS" 1.985 6.17 2 1 0 0 35.41 20.66 13
"334" 108432 "Midwest" "Urban" 4 6 1374.157172 2556.5 0 2 2 1 0 1 1 0 -996 "High" 1 5 "SS" 1.84 6.42 3 0 0 0 52.81 35.7 25
"335" 108502 "South" "Rural" 4 2 1705 1281.166667 0 2 1 1 0 1 1 0 -996 "Low" 2 3 "SS" 1.791 8.57 4 0 0 0 74.9 39 36
"336" 108503 "West" "Rural" 4 3 956 1496.583333 0 1 1 1 0 1 1 0 -996 "Low" 2 3 "CO" 0.306 2.17 3 0 0 0 146.23 146.23 47
"337" 108504 "West" "Urban" 4 4 3000 1940.25 0 1 1 1 0 1 1 0 -996 "Low" 3 3 "SS" 1.184 6.75 4 0 0 0 82.3 82.3 43
"338" 108518 "Midwest" "Rural" 4 2 0 1318.75 0 1 1 0 0 1 1 0 0 "Low" 2 5 "SM" 2.246 4.23 4 0 0 0 61.3 61.3 46
"339" 108572 "Northeast" "Urban" 4 3 1602.395961 1540 0 1 1 0 0 1 1 0 1 "Low" 2 3 "SS" 0.508 2.98 4 0 0 0 173.85 173.85 71
"340" 108588 "Northeast" "Rural" 4 3 0 1496.583333 0 2 3 1 0 1 1 0 -996 "High" 1 4 "MG" 9.76 22.9 4 0 0 0 16.07 16.07 9
"341" 108619 "West" "Urban" 4 1 718 995.4166667 0 2 1 1 0 1 1 0 -996 "Low" 2 4 "SS" 1.832 4.13 1 1 0 0 25.93 25.93 16
"342" 108660 "West" "Urban" 4 7 5280 2966.166667 0 1 1 1 0 1 1 0 0 "High" 2 3 "SM" 6.38 14.3 4 0 0 1 45.75 45.75 32
"343" 108678 "Northeast" "Urban" 4 3 1680 1540 0 1 1 1 0 1 1 0 0 "High" 1 1 "SM" 1.06 4.92 4 0 0 0 91.7 91.7 16
"344" 108742 "West" "Urban" 4 1 300 995.4166667 0 1 3 0 0 1 1 0 -996 "Marginal" 1 3 "SM" 0.878 3.77 1 1 0 0 94.02 94.02 20
"345" 108744 "Midwest" "Urban" 4 2 323.1035357 1281.166667 0 2 1 0 1 1 1 0 -996 "Low" 2 5 "SS" 4.753 7.95 2 1 0 0 168.2 168.2 62
"346" 108745 "West" "Urban" 4 4 1760 1940.25 0 1 1 0 1 1 1 0 0 "very low" 3 5 "SS" 1.445 3.73 4 1 1 0 9.25 3.16 5
"347" 108774 "South" "Rural" 4 5 4545 2414.5 0 2 1 1 0 1 1 0 -996 "Marginal" 2 5 "SS" 11.163 17.25 4 0 0 0 251.36 251.36 120
"348" 108784 "Northeast" "Rural" 4 2 1341 1281.166667 0 2 1 1 0 1 1 0 -996 "very low" 4 1 "SM" 8.603 15.12 5 0 0 0 24.09 16.17 7
"349" 108891 "South" "Rural" 4 3 700 1541.5 0 1 1 0 0 1 1 0 1 "Marginal" 2 1 "SS" 3.56 11.52 3 1 0 0 16.93 16.81 9
"350" 108895 "South" "Urban" 4 5 2858.338 2283.333333 1 2 1 1 0 1 1 0 -996 "Low" 2 4 "SM" 0.72 3.15 3 0 0 0 18.97 18.97 20
"351" 108927 "South" "Urban" 4 8 1396 3148.083333 0 1 1 1 0 1 1 0 1 "High" 1 1 "SM" 0.89 3.18 1 1 0 0 112.6 112.6 62
"352" 108929 "South" "Rural" 4 4 3943.324 1940.25 0 2 1 1 1 1 1 0 0 "Low" 1 3 "SS" 17.54 30.42 5 0 0 0 3.09 2 2
"353" 108945 "Midwest" "Urban" 4 4 2080 2005.75 0 2 1 1 0 1 1 0 1 "High" 1 5 "SS" 0.78 4.22 4 0 0 0 65.6 53.24 27
"354" 108962 "Northeast" "Urban" 4 6 2000.6 2556.5 0 1 1 1 0 1 1 0 1 "Low" 2 1 "SM" 2.842 7.2 4 1 0 0 70.22 70.22 29
"355" 109037 "South" "Rural" 4 3 1788.4 1541.5 0 1 1 1 0 1 1 0 1 "Marginal" 1 3 "SS" 3.039 5.5 4 1 0 0 14.51 14.49 5
"356" 109080 "South" "Urban" 4 7 1600 2966.166667 0 1 1 0 0 1 1 0 -996 "Marginal" 3 5 "SS" 1.244 4.37 2 0 0 0 141.49 139.39 63
"357" 109121 "South" "Rural" 4 2 1820 1281.166667 1 2 1 1 0 1 1 0 -996 "Marginal" 1 5 "SM" 6.332 11 2 0 0 0 44.09 44.09 18
"358" 109131 "Northeast" "Urban" 4 4 2656 1973.416667 0 1 1 0 0 1 1 0 -996 "Low" 2 5 "SM" 1.384 6.65 3 1 0 0 150.58 150.58 48
"359" 109220 "South" "Urban" 4 3 1740 1540 0 1 1 1 0 1 1 0 -996 "very low" 1 1 "SS" 1.558 6.12 4 0 0 0 163.71 163.71 81
"360" 109253 "South" "Rural" 4 6 1692 2556.5 0 1 1 1 1 1 1 0 1 "very low" 4 3 "SM" 1.051 4.32 4 0 0 0 39.72 22.52 18
"361" 109254 "South" "Urban" 4 3 1353 1541.5 0 1 1 1 0 1 1 0 -996 "High" 1 1 "SS" 3.962 10.45 4 0 0 0 2 2 3
"362" 109258 "West" "Urban" 4 13 3920 3847.083333 0 1 1 1 1 1 1 0 1 "Low" 3 1 "SS" 3.09 8.72 4 1 0 0 328.33 316.17 115
"363" 109329 "Midwest" "Rural" 4 1 698 995.4166667 0 2 1 0 0 1 1 0 -996 "very low" 3 5 "SM" 1.708 4.93 4 1 0 0 76.9 76.9 70
"364" 109368 "Northeast" "Urban" 4 5 7321.808626 2283.333333 1 2 3 1 0 1 1 0 1 "High" 1 4 "SS" 3.267 7.6 1 1 0 0 169.83 169.83 64
"365" 109386 "Northeast" "Rural" 4 5 1596 2283.333333 0 1 1 1 0 1 1 0 1 "High" 1 4 "SS" 17.029 27.78 3 1 0 0 87.64 18.74 9
"366" 109493 "Midwest" "Urban" 4 1 855 995.4166667 0 1 1 1 0 1 1 0 -996 "Low" 2 2 "SS" 0.972 2.18 2 1 0 0 43 43 14
"367" 109498 "West" "Urban" 4 4 9983.33 1973.416667 0 2 3 1 1 1 1 0 -996 "High" 2 3 "SM" 0.553 2.25 4 0 0 0 6.81 5.2 3
"368" 109506 "South" "Rural" 4 1 695 995.4166667 0 2 1 1 1 1 1 0 -996 "very low" 3 1 "SM" 2.64 5.28 5 0 0 0 36.38 36.38 15
"369" 109538 "Midwest" "Rural" 4 3 6465.23 1540 0 2 1 1 0 1 1 0 -996 "Marginal" 2 5 "SM" 13.75 21.28 3 0 0 0 8.21 8.21 8
"370" 109547 "South" "Rural" 4 5 2450 2283.333333 0 2 1 1 0 1 1 0 1 "High" 1 3 "SS" 11.948 18.68 3 0 0 0 81.35 68.84 30
"371" 109551 "Midwest" "Urban" 4 3 2800 1496.583333 0 1 1 1 0 1 1 0 -996 "High" 1 1 "SM" 0.411 1.97 3 1 0 0 38.63 38.57 16
"372" 109575 "South" "Urban" 4 1 2240 995.4166667 0 1 1 0 0 1 1 0 1 "High" 1 1 "SM" 1.324 6.82 4 0 0 0 62.09 52.51 23
"373" 109589 "Northeast" "Urban" 4 4 1697 2005.75 0 1 1 1 0 1 1 0 -996 "Low" 1 1 "SS" 6.094 15.47 4 0 0 0 197.96 113.59 46
"374" 109621 "Midwest" "Rural" 4 3 1274 1540 0 1 1 1 0 1 1 0 1 "very low" 3 2 "SS" 1.631 5.35 3 0 0 0 229.31 229.31 108
"375" 109662 "South" "Rural" 4 2 1600 1281.166667 0 2 1 1 0 1 1 0 -996 "Low" 2 5 "SS" 10.282 19.45 3 0 0 0 15.77 15.77 6
"376" 109753 "South" "Urban" 4 2 505.2617981 1281.166667 0 1 1 1 0 1 1 0 -996 "very low" 1 5 "SM" 0.764 2.95 3 0 1 0 92.98 92.98 33
"377" 109823 "South" "Rural" 4 4 1120 1940.25 0 1 1 0 0 1 1 0 -996 "High" 1 3 "SM" 11.31 18.7 4 0 0 0 434.07 431.39 160
"378" 109835 "South" "Urban" 4 1 98 995.4166667 0 1 1 1 1 1 1 1 -996 "very low" 3 4 "SM" 3.309 7.18 2 0 0 0 27.05 23.9 10
"379" 109850 "West" "Urban" 4 3 916.67 1540 0 1 1 1 0 1 1 0 0 "Low" 2 3 "SS" 1.559 4.32 3 0 0 0 60.9 60.9 23
"380" 109879 "South" "Urban" 4 2 1838 1281.166667 0 1 2 1 0 1 1 0 -996 "High" 2 3 "SS" 1.621 6 4 0 0 0 45.19 29.46 13
"381" 109914 "Midwest" "Urban" 4 4 1680 1947 0 1 1 0 0 1 1 0 0 "Marginal" 1 1 "SS" 2.713 9.23 3 0 0 0 39.6 33.58 11
"382" 109916 "West" "Urban" 4 2 3200 1281.166667 0 2 1 0 0 1 1 0 -996 "High" 4 1 "SS" 2.622 7.53 1 1 0 0 119.1 93.18 39
"383" 109934 "West" "Urban" 4 1 883 917.5833333 0 1 1 1 0 1 1 1 -996 "Low" 3 5 "SS" 2.889 7.65 3 1 0 0 24.75 24.75 14
"384" 109943 "South" "Urban" 4 3 1872 1540 0 1 2 1 0 1 1 0 0 "High" 2 5 "SM" 1.237 3.77 2 0 0 0 54.7 12.45 26
"385" 109950 "South" "Rural" 4 10 2366 3871.166667 0 1 1 1 0 1 1 0 1 "Marginal" 1 3 "SM" 4.293 5.28 2 1 0 0 9.31 9.31 5
"386" 109956 "South" "Rural" 4 5 698 2283.333333 0 1 1 1 0 1 1 1 0 "High" 1 3 "SM" 2.277 5.83 4 1 0 0 62.65 62.65 24
"387" 109976 "Midwest" "Rural" 4 5 1400 2283.333333 0 2 1 1 1 1 1 0 1 "Low" 3 1 "SM" 1.708 4.93 5 0 0 0 239.46 216.05 64
"388" 109993 "South" "Urban" 4 1 698 995.4166667 0 1 1 1 0 1 1 0 -996 "very low" 2 1 "SS" 1.651 3.77 4 0 0 0 54.77 47.36 31
"389" 110028 "West" "Urban" 4 4 3746.67 1940.25 1 2 3 1 0 1 1 0 0 "High" 1 5 "SM" 1.314 4.32 4 1 0 0 21.73 21.73 6
"390" 110037 "Midwest" "Urban" 4 3 1840 1541.5 0 1 1 1 0 1 1 0 -996 "High" 2 1 "SS" 0.508 4.67 4 1 0 0 112.86 112.86 35
"391" 110079 "West" "Rural" 4 4 4060 2005.75 0 2 3 1 0 1 1 0 0 "High" 2 4 "SS" 2.374 4.97 4 0 0 0 148.32 148.32 45
"392" 110091 "Midwest" "Rural" 4 2 273.9824313 1318.75 0 2 1 1 0 1 1 0 1 "Marginal" 2 1 "SS" 4.24 10 4 1 0 0 263.66 104.2 101
"393" 110110 "Northeast" "Urban" 4 4 3199.827469 1940.25 0 2 1 1 0 1 1 0 -996 "High" 1 1 "SM" 1.026 2.53 2 0 0 0 72.63 72.63 1
"394" 110115 "South" "Urban" 4 6 900 2691.5 0 1 1 1 0 1 1 0 -996 "very low" 3 5 "SS" 0.846 4.47 3 1 0 0 94.35 90.75 44
"395" 110171 "South" "Urban" 4 3 1039 1496.583333 0 1 1 1 0 1 1 0 -996 "Low" 1 3 "SM" 10.391 17 5 0 0 0 37.94 37.94 18
"396" 110228 "Midwest" "Urban" 4 6 1300 2556.5 1 2 1 1 0 1 1 0 -996 "High" 1 3 "SS" 2.96 9 2 1 0 0 157.98 157.98 54
"397" 110245 "South" "Rural" 4 5 2262 2283.333333 0 3 1 1 0 1 1 0 1 "Low" 2 5 "SS" 12.268 20.15 3 0 0 0 220.13 97.04 77
"398" 110268 "Midwest" "Urban" 4 1 698 995.4166667 0 1 1 0 0 1 1 0 -996 "Marginal" 2 5 "SS" 2.832 6.78 4 0 0 0 185.19 185.19 59
"399" 110270 "South" "Urban" 4 1 5460 995.4166667 0 1 1 1 0 1 1 0 -996 "High" 2 1 "SM" 1.32 3.65 5 0 0 0 6.21 6.21 3
"400" 110301 "South" "Rural" 4 2 1700 1281.166667 0 1 1 0 0 1 1 1 -996 "Low" 1 2 "SS" 10.787 19.9 4 0 0 0 68.95 58.03 27
"401" 110306 "Midwest" "Urban" 4 3 3987 1496.583333 0 1 1 1 0 1 1 0 -996 "High" 2 3 "SS" 1.391 2.9 2 1 0 1 34.73 16 15
"402" 110343 "West" "Urban" 4 1 488.75 995.4166667 0 1 3 1 0 1 1 0 -996 "very low" 2 3 "SS" 0.898 3.38 3 0 1 0 82.36 81.47 37
"403" 110347 "South" "Rural" 4 2 1120 1281.166667 0 2 1 0 0 1 1 1 -996 "very low" 3 1 "SS" 21.941 24.97 3 0 0 0 198.06 198.06 72
"404" 110423 "West" "Urban" 4 4 2879.6 1973.416667 1 1 1 1 1 1 1 0 -996 "very low" 2 4 "SS" 3.397 12.7 5 0 0 0 32.54 32.54 22
"405" 110458 "Midwest" "Rural" 4 1 500.3479741 995.4166667 0 2 1 1 0 1 1 0 -996 "Low" 3 1 "SM" 3.348 7.17 4 0 0 0 46.07 46.07 19
"406" 110475 "Midwest" "Urban" 4 3 2950 1540 1 1 1 1 1 1 1 0 -996 "Marginal" 2 3 "SS" 0.251 1.18 5 0 0 0 45.58 45.58 19
"407" 110519 "Northeast" "Rural" 4 2 2285 1281.166667 0 3 1 1 0 1 1 0 -996 "Marginal" 2 5 "SS" 8.647 17.62 3 0 0 0 187.3 125.13 57
"408" 110561 "South" "Urban" 4 2 1330 1281.166667 1 2 1 1 0 1 1 0 -996 "High" 2 1 "SM" 2.261 5.75 2 0 0 0 76.62 76.12 33
"409" 110579 "South" "Urban" 4 4 2348 1940.25 0 1 1 1 0 1 1 0 0 "Marginal" 2 1 "SS" 3.429 8.32 5 0 0 0 320.87 320.87 99
"410" 110586 "Midwest" "Rural" 4 2 929 1281.166667 0 2 1 0 0 1 1 0 -996 "Low" 2 5 "SS" 11.049 18.53 5 1 0 0 29.12 29.12 19
"411" 110604 "Midwest" "Urban" 4 1 0 995.4166667 0 1 1 0 0 1 1 1 0 "very low" 2 5 "SS" 3.012 8.73 5 0 0 0 57.71 57.71 26
"412" 110646 "South" "Urban" 4 6 2441.676286 2748.166667 0 1 1 1 0 1 1 0 -996 "Marginal" 2 1 "SS" 1.169 5.68 3 1 0 0 85.72 85.72 46
"413" 110656 "South" "Urban" 4 3 1620 1540 0 1 1 1 0 1 1 0 -996 "very low" 4 4 "SM" 1.438 5.73 4 1 1 0 14.75 14.75 9
"414" 110671 "South" "Urban" 4 4 1260.385176 2005.75 0 2 1 1 0 1 1 0 -996 "Marginal" 2 1 "SS" 3.61 8.28 2 1 0 0 7.54 7.54 5
"415" 110766 "South" "Urban" 4 1 120 995.4166667 0 3 1 0 0 1 1 0 -996 "very low" 2 1 "SM" 0.519 1.93 3 0 0 0 13.34 10.34 2
"416" 110780 "West" "Urban" 4 6 1508 2556.5 0 1 1 1 0 1 1 0 -996 "Low" 2 1 "SM" 0.488 2.05 5 0 0 0 174.19 174.19 89
"417" 110827 "Midwest" "Urban" 4 6 3150 2637.25 0 2 1 1 1 1 1 0 1 "Marginal" 2 3 "SS" 12.572 23.9 2 1 0 0 111.28 111.28 52
"418" 110989 "West" "Rural" 4 2 197 1281.166667 0 1 1 0 1 1 1 0 -996 "Marginal" 2 5 "SM" 73.943 74.57 2 0 0 0 391.64 369.61 98
"419" 110997 "Midwest" "Urban" 4 4 2093.338 1940.25 0 1 1 1 0 1 1 0 1 "Low" 2 1 "SS" 1.491 5.63 4 0 0 0 83.7 83.7 40
"420" 111013 "South" "Urban" 4 1 998 917.5833333 0 2 1 1 0 1 1 1 -996 "Marginal" 2 5 "SM" 0.508 2.73 2 1 0 0 24.83 19.73 13
"421" 111037 "West" "Urban" 4 2 2751 1281.166667 0 1 1 1 1 1 1 0 -996 "Low" 2 5 "SM" 0.233 1.97 2 0 0 0 175.66 138.76 63
"422" 111071 "South" "Urban" 4 5 1960 2283.333333 0 2 1 0 0 1 1 0 -996 "Marginal" 2 3 "SM" 0.814 3.43 4 1 0 0 65.48 65.48 23
"423" 111077 "South" "Urban" 4 1 698 995.4166667 0 1 1 0 0 1 1 0 -996 "Marginal" 1 5 "SM" 0.944 2.43 3 0 0 0 66.17 62.78 34
"424" 111081 "South" "Rural" 4 5 1694 2283.333333 0 1 1 1 0 1 1 1 0 "very low" 3 5 "SM" 10.698 17.65 3 0 0 0 77.71 77.71 26
"425" 111109 "West" "Urban" 4 7 4462.779965 2863.5 0 1 1 0 0 1 1 0 1 "Marginal" 3 3 "SS" 1.684 4.98 2 1 1 1 25.96 25.96 5
"426" 111128 "West" "Urban" 4 3 2638.922939 1496.583333 0 2 1 1 0 1 1 0 -996 "Marginal" 2 3 "SS" 0.306 1.45 5 0 0 0 55.97 55.97 20
"427" 111189 "West" "Rural" 4 1 750 917.5833333 0 2 2 1 0 1 1 1 -996 "High" 1 4 "SM" 29.692 36.35 1 1 0 0 24.95 18.89 8
"428" 111203 "West" "Urban" 4 1 300 995.4166667 1 2 1 1 0 1 1 1 -996 "High" 1 1 "SM" 1.127 3.07 3 1 0 0 17.99 17.99 4
"429" 111214 "Northeast" "Urban" 4 2 1964.043163 1156.5 0 2 3 0 0 1 1 1 -996 "High" 1 1 "SS" 5.923 16.35 3 1 0 0 132.66 132.66 34
"430" 111215 "South" "Urban" 4 3 1526.538947 1541.5 0 1 1 0 0 1 1 0 -996 "Low" 2 2 "SM" 0.679 1.97 5 1 0 0 102.38 95.97 44
"431" 111230 "Northeast" "Rural" 4 2 546 1318.75 0 1 1 0 0 1 1 0 1 "High" 1 1 "CO" 4.876 11.3 4 0 0 0 51.37 51.37 12
"432" 111238 "Midwest" "Urban" 4 4 2800 1940.25 0 1 1 1 1 1 1 0 -996 "Low" 2 3 "SM" 2.052 6.53 3 0 0 0 25.76 25.76 12
"433" 111240 "Midwest" "Urban" 4 1 718 917.5833333 0 1 1 0 0 1 1 1 -996 "High" 2 5 "SS" 4.007 9.75 2 1 0 0 84.21 30 22
"434" 111262 "Northeast" "Urban" 4 4 800 1940.25 0 1 1 1 0 1 1 0 1 "Low" 1 1 "SS" 2.558 9.45 2 1 0 0 49 49 17
"435" 111297 "South" "Urban" 4 2 883 1281.166667 0 1 1 0 0 1 1 0 -996 "very low" 3 3 "SS" 1.386 3.77 2 0 0 0 46.3 46.2 27
"436" 111302 "South" "Urban" 4 6 1600 2637.25 0 1 1 1 0 1 1 0 -996 "very low" 3 3 "SS" 1.761 6 2 0 0 0 658.9 658.9 184
"437" 111329 "West" "Urban" 4 3 2613.174438 1496.583333 0 1 1 0 0 1 1 0 -996 "Low" 3 2 "SS" 1.588 3.75 2 1 0 0 59.52 52.28 16
"438" 111334 "West" "Urban" 4 4 1700 1947 0 1 1 1 0 1 1 0 -996 "Low" 3 3 "SM" 4.778 12.1 5 0 0 0 53.51 53.51 19
"439" 111335 "South" "Urban" 4 2 268.946354 1318.75 0 1 1 1 0 1 1 0 -996 "High" 1 2 "SM" 2.317 5.05 3 0 1 0 161.11 161.11 49
"440" 111339 "Midwest" "Urban" 4 3 250 1541.5 0 3 1 1 0 1 1 0 -996 "High" 1 5 "SS" 1.615 6.63 4 0 1 0 81.38 81.38 25
"441" 111343 "South" "Rural" 4 1 465 995.4166667 0 2 1 1 0 1 1 0 -996 "Marginal" 1 5 "SS" 27.739 37.48 2 0 0 0 6.85 6.85 3
"442" 111371 "West" "Rural" 4 3 756 1541.5 0 3 1 1 0 1 1 0 -996 "very low" 2 3 "SS" 4.749 12.1 4 0 0 0 24.86 24.86 16
"443" 111394 "South" "Rural" 4 3 2100 1540 0 2 1 1 0 1 1 0 1 "Low" 2 2 "SM" 2.42 7.65 4 0 0 0 11.65 2.54 11
"444" 111412 "South" "Urban" 4 3 1192 1541.5 0 2 1 1 0 1 1 0 0 "Low" 3 5 "SS" 1.719 5.32 5 1 0 0 28.91 13.39 5
"445" 111420 "Midwest" "Rural" 4 4 2156.67 1947 0 2 1 1 1 1 1 0 -996 "very low" 2 5 "SM" 0.697 2.63 4 0 1 0 28.99 28.99 10
"446" 111470 "South" "Rural" 4 2 1245 1156.5 0 1 1 0 0 1 1 0 -996 "Low" 2 3 "SM" 9.043 14.63 3 1 0 0 13.48 13.48 11
"447" 111507 "South" "Urban" 4 2 1678 1281.166667 0 1 1 0 0 1 1 1 -996 "Low" 4 2 "SM" 1.361 4.53 5 1 0 0 164.83 164.83 84
"448" 111543 "Midwest" "Urban" 4 3 845 1541.5 0 1 1 1 0 1 1 0 -996 "Marginal" 1 5 "SS" 4.657 14.15 1 1 0 0 6.52 6.52 4
"449" 111566 "Northeast" "Rural" 4 5 1680 2283.333333 0 1 1 1 0 1 1 0 1 "Marginal" 2 5 "SM" 0.552 2.9 2 1 0 0 259 246.19 84
"450" 111593 "South" "Urban" 4 3 1535.373502 1496.583333 0 1 1 0 0 1 1 0 -996 "Low" 1 3 "SS" 1.488 4.48 3 1 0 0 11 11 4
"451" 111612 "West" "Urban" 4 5 2800 2283.333333 0 1 1 1 0 1 1 0 1 "High" 1 1 "SM" 1.264 6.22 3 0 0 0 59.73 31.71 14
"452" 111635 "South" "Urban" 4 5 2000 2283.333333 0 1 1 1 1 1 1 0 1 "High" 1 1 "SS" 2.618 6.87 4 0 1 0 33.55 27.56 15
"453" 111656 "Midwest" "Urban" 4 5 2868.795584 2283.333333 1 2 1 1 1 1 1 0 1 "very low" 2 5 "SS" 1.091 3.47 2 0 1 0 45.51 45.51 26
"454" 111672 "South" "Urban" 4 6 6534.983836 2556.5 0 1 1 1 0 1 1 0 -996 "Low" 2 3 "SM" 0.798 3.28 4 1 0 0 112.47 112.47 43
"455" 111694 "Midwest" "Rural" 4 2 3400 1281.166667 0 2 1 0 0 1 1 1 -996 "Marginal" 1 5 "SM" 9.086 12.98 3 1 0 0 37.3 37.3 9
"456" 111698 "South" "Rural" 4 3 947 1496.583333 0 2 1 1 0 1 1 0 -996 "High" 2 1 "SM" 3.859 6.52 3 0 0 0 59.69 50.19 18
"457" 111774 "West" "Rural" 4 4 2910 1940.25 0 1 3 1 1 1 1 0 -996 "High" 1 5 "SS" 3.315 8.6 3 0 0 0 80.11 38 40
"458" 111795 "West" "Urban" 4 4 2120 1947 1 1 1 1 0 1 1 0 0 "High" 1 1 "SS" 2.282 8.57 4 0 0 0 203.51 97.66 33
"459" 111849 "Midwest" "Urban" 4 4 3783 1940.25 0 1 1 1 1 1 1 0 1 "very low" 2 5 "SS" 0.91 3.23 2 0 0 0 36.08 32.6 25
"460" 111892 "Northeast" "Urban" 4 4 1092 1940.25 0 1 1 0 0 1 1 0 -996 "Low" 2 3 "SS" 1.032 4.12 2 0 0 0 17.34 17.34 13
"461" 111944 "South" "Urban" 4 3 800 1541.5 0 1 1 1 0 1 1 0 0 "Marginal" 2 1 "SM" 0.12 1 4 0 0 0 203.02 203.02 106
"462" 112022 "West" "Urban" 4 4 0 1940.25 0 1 1 1 0 1 1 0 -996 "Marginal" 1 3 "SM" 8.154 12.1 4 0 0 1 300.97 273.96 92
"463" 112127 "West" "Urban" 4 4 3600 1940.25 0 1 1 1 0 1 1 0 -996 "High" 2 4 "SS" 1.855 4.92 3 0 0 1 83.98 83.98 52
"464" 112134 "South" "Rural" 4 2 718 1281.166667 0 1 1 0 0 1 1 0 -996 "very low" 2 5 "SM" 3.452 6.18 3 0 0 0 292.67 290.8 77
"465" 112171 "Midwest" "Urban" 4 8 4304.332 3253.166667 0 2 1 1 0 1 1 0 -996 "Marginal" 1 2 "SM" 0.739 3.72 3 1 0 0 200.29 200.29 51
"466" 112240 "Northeast" "Urban" 4 4 1990 2005.75 0 1 1 1 1 1 1 0 0 "very low" 2 2 "CO" 2.953 8.4 2 1 0 0 40.61 40.61 29
"467" 112259 "West" "Urban" 4 3 2240 1541.5 1 1 1 1 0 1 1 0 -996 "Low" 3 2 "SM" 1.322 3.77 2 0 1 0 34.02 34.02 17
"468" 112281 "South" "Urban" 4 7 2926 2863.5 0 2 1 0 0 1 1 0 1 "Marginal" 1 1 "SM" 0.339 1.42 4 0 0 0 103.19 46.75 34
"469" 112320 "South" "Rural" 4 3 7458.817319 1496.583333 0 2 1 1 0 1 1 1 -996 "High" 1 5 "SS" 14.782 21.52 4 0 0 0 43.88 29.96 7
"470" 112376 "Midwest" "Rural" 4 4 2100 1940.25 1 1 1 1 0 1 1 0 0 "Marginal" 1 1 "SM" 9.67 14.27 3 0 0 0 181.11 181.11 96
"471" 112416 "Northeast" "Urban" 4 5 2512.5 2340.583333 0 1 1 1 0 1 1 0 0 "Marginal" 2 4 "SS" 1.916 6.9 5 0 0 0 197.34 197.34 71
"472" 112436 "South" "Urban" 4 4 418 2005.75 0 1 1 0 0 1 1 1 -996 "High" 1 4 "SM" 1.446 6.55 5 0 1 0 122.67 122.67 44
"473" 112503 "West" "Urban" 4 4 600 1940.25 0 1 1 0 0 1 1 0 1 "very low" 3 4 "SM" 2.892 7.1 4 0 0 0 52.74 52.74 11
"474" 112538 "Midwest" "Rural" 4 3 959.064679 1540 0 2 1 1 0 1 1 0 1 "High" 3 1 "SM" 1.539 4.4 4 1 0 1 77.69 77.69 35
"475" 112575 "South" "Urban" 4 4 1339 1940.25 0 1 1 1 0 1 1 0 1 "High" 1 4 "SM" 1.886 4.8 3 1 0 0 268.05 232.28 94
"476" 112609 "Midwest" "Urban" 4 2 1228.456612 1281.166667 0 1 1 1 0 1 1 0 -996 "High" 1 5 "SS" 2.47 8.4 3 0 0 0 25.16 25.16 4
"477" 112621 "Northeast" "Urban" 4 8 5346.375123 3433.666667 0 1 1 0 0 1 1 0 1 "High" 1 3 "SS" 1.15 4.88 4 1 0 0 190.62 190.62 71
"478" 112658 "Midwest" "Rural" 4 1 892 917.5833333 0 2 1 1 0 1 1 0 -996 "High" 1 5 "CO" 38.155 46.62 3 1 0 0 60.21 60.21 27
"479" 112664 "West" "Rural" 4 3 985 1496.583333 0 2 1 1 0 1 1 0 -996 "Low" 2 5 "SM" 4.074 9.8 3 0 0 0 49.8 37.66 16
"480" 112668 "South" "Urban" 4 5 1076.033532 2340.583333 0 1 1 1 0 1 1 0 -996 "Low" 2 3 "SM" 0.772 3.23 4 0 0 0 14.1 14.1 8
"481" 112768 "Northeast" "Urban" 4 1 703 995.4166667 0 1 1 1 0 1 1 0 -996 "Low" 2 5 "SM" 2.881 7.93 3 0 0 0 15.45 15.45 5
"482" 112795 "West" "Urban" 4 5 971 2340.583333 0 1 1 1 1 1 1 0 -996 "Low" 2 5 "SS" 1.527 4.35 4 0 0 1 88.42 73.98 32
"483" 112859 "South" "Urban" 4 5 5000 2414.5 0 2 1 1 0 1 1 0 1 "High" 1 3 "SM" 1.23 4.38 4 0 0 0 121.52 58.09 25
"484" 112870 "Midwest" "Urban" 4 2 4350 1281.166667 0 1 1 1 0 1 1 0 -996 "Low" 2 1 "SM" 1.16 3.87 5 0 0 0 4.38 4.38 2
"485" 112877 "South" "Urban" 4 2 1101 1318.75 0 2 1 1 0 1 1 0 -996 "High" 1 5 "SS" 3.607 9.58 4 0 0 0 79.35 79.35 31
"486" 112884 "West" "Urban" 4 5 2463.675287 2283.333333 0 1 1 1 0 1 1 0 0 "Marginal" 2 5 "SM" 1.472 4.13 2 1 1 0 142.96 129.93 41
"487" 112936 "West" "Urban" 4 2 1451 1281.166667 0 2 1 1 0 1 1 0 -996 "Marginal" 1 3 "SS" 1.228 4.5 3 1 0 0 14.9 14.89 5
"488" 112980 "South" "Rural" 4 2 317.5770217 1281.166667 0 2 1 0 0 1 1 0 -996 "Marginal" 1 4 "SM" 12.78 23.77 4 0 0 0 7.15 7.15 2
"489" 113031 "Midwest" "Urban" 4 8 3693.878016 3354.083333 0 1 1 0 0 1 1 0 0 "Marginal" 1 1 "SM" 5.209 12.73 2 1 0 0 8.23 8.23 8
"490" 113032 "Midwest" "Urban" 4 3 1351 1496.583333 0 1 1 1 0 1 1 0 -996 "High" 1 1 "SS" 5.064 6.35 3 1 1 0 130.86 128.76 46
"491" 113052 "West" "Rural" 4 2 702 1281.166667 0 1 1 1 0 1 1 0 -996 "Low" 3 4 "LG" 0.666 3.02 4 0 0 0 104.68 104.68 40
"492" 113064 "South" "Urban" 4 4 1557 2005.75 0 1 1 1 1 1 1 1 -996 "very low" 4 5 "SM" 6.121 11.8 4 0 0 0 58.58 55.1 18
"493" 113073 "Midwest" "Urban" 4 3 600 1540 1 1 1 1 0 1 1 0 1 "High" 1 2 "SS" 1.56 6.03 4 0 0 0 18.43 18.43 4
"494" 113081 "Northeast" "Rural" 4 3 2034.878732 1540 0 1 1 0 0 1 1 0 -996 "Low" 2 1 "SM" 7.058 14.3 3 1 0 0 37.72 37.72 20
"495" 113108 "West" "Urban" 4 1 169.6056923 995.4166667 0 1 1 0 1 1 1 0 1 "Low" 2 5 "SS" 0.522 2.52 1 0 0 0 65.48 65.38 19
"496" 113143 "South" "Rural" 4 3 698 1496.583333 0 2 1 1 1 1 1 0 -996 "High" 1 5 "SM" 4.232 9.55 2 1 0 0 9.38 9.38 3
"497" 113144 "South" "Urban" 4 1 100 995.4166667 0 3 1 1 0 1 1 0 -996 "High" 1 5 "SM" 2.273 5.78 2 1 0 0 18.69 18.69 11
"498" 113154 "West" "Urban" 4 5 2266.412957 2414.5 0 1 1 0 0 1 1 0 -996 "Low" 2 2 "SS" 1.693 4.62 4 0 0 0 5 5 10
"499" 113173 "South" "Urban" 4 3 3640 1540 1 1 1 1 0 1 1 0 1 "High" 1 5 "SS" 1.621 6 2 1 1 0 14.88 14.88 4
"500" 113186 "South" "Rural" 4 4 2870 1940.25 0 1 3 1 0 1 1 0 1 "High" 1 2 "SS" 8.246 12.47 2 1 0 0 315.62 310.27 93
"501" 113201 "West" "Urban" 4 8 1120 3148.083333 0 1 1 1 1 1 1 0 -996 "very low" 1 2 "SS" 2.404 7.22 3 1 0 0 365.84 365.84 141
"502" 113224 "Midwest" "Urban" 4 3 1065 1541.5 0 1 1 0 0 1 1 0 -996 "Marginal" 2 2 "SS" 1.273 4.3 3 0 0 0 123.46 108.23 45
"503" 113246 "South" "Urban" 4 5 698 2248.416667 0 1 1 0 0 1 1 0 1 "Marginal" 2 3 "LG" 2.068 5.45 3 1 1 0 73.06 72.97 34
"504" 113266 "Northeast" "Urban" 4 3 1575 1540 0 2 1 1 0 1 1 0 -996 "High" 2 1 "SM" 0.237 1 3 1 0 1 59.29 52.93 18
"505" 113267 "Northeast" "Rural" 4 3 3834 1540 0 1 1 1 0 1 1 0 -996 "Marginal" 2 5 "SS" 11.901 19.07 3 0 0 0 28.74 28.74 9
"506" 113302 "South" "Urban" 4 3 2189.662 1540 0 1 1 1 0 1 1 0 0 "High" 1 1 "SM" 0.311 2.17 4 0 0 0 71.18 55.26 26
"507" 113314 "Midwest" "Rural" 4 4 3623.2 1940.25 1 2 1 1 0 1 1 0 -996 "High" 2 4 "SS" 11.114 26.93 2 1 0 0 284.93 284.93 113
"508" 113326 "South" "Urban" 4 4 1540 1940.25 0 1 1 1 0 1 1 0 1 "very low" 4 4 "SM" 1.934 6 4 0 0 0 56.36 35.02 23
"509" 113344 "Midwest" "Urban" 4 1 674 995.4166667 0 1 1 0 0 1 1 0 -996 "Low" 1 1 "SM" 1.164 4.38 4 0 0 0 31.33 31.33 2
"510" 113392 "Midwest" "Rural" 4 1 698 995.4166667 0 1 1 0 0 1 1 0 -996 "High" 1 1 "SM" 0.431 1.6 2 0 0 0 21.67 21.67 15
"511" 113405 "South" "Urban" 4 4 4833.33 1940.25 1 2 1 0 0 1 1 0 -996 "Low" 2 5 "SS" 3.816 8.07 3 0 0 0 32.74 27.48 16
"512" 113427 "South" "Rural" 4 6 600 2556.5 0 1 1 1 0 1 1 0 0 "Marginal" 2 4 "SM" 1.091 2.07 3 0 0 0 284.18 284.18 127
"513" 113475 "Midwest" "Urban" 4 10 0 4075.666667 0 2 1 1 0 1 1 0 0 "very low" 2 5 "SM" 1.267 5.33 4 0 0 0 15.98 15.98 2
"514" 113484 "Northeast" "Urban" 4 2 910 1318.75 0 1 1 1 0 1 1 0 -996 "Low" 2 5 "SM" 1.258 5.62 3 0 0 0 202.71 202.71 62
"515" 113507 "South" "Urban" 4 3 2617.622432 1540 0 2 1 1 1 1 1 0 -996 "High" 1 1 "SS" 0.907 4.62 2 0 0 0 96.38 95.38 45
"516" 113581 "West" "Urban" 4 6 2940 2637.25 0 1 1 0 0 1 1 0 -996 "Low" 2 1 "SS" 1.399 4.63 3 1 1 0 71.6 71.6 51
"517" 113635 "Midwest" "Urban" 4 2 2123.338 1281.166667 1 1 1 1 0 1 1 0 -996 "Marginal" 2 3 "SS" 1.745 5.47 3 1 0 0 39.61 39.34 25
"518" 113638 "South" "Rural" 4 2 962.6 1281.166667 0 1 1 0 0 1 1 0 -996 "very low" 3 3 "SS" 0.996 5.97 3 0 0 0 5 4.9 4
"519" 113691 "West" "Urban" 4 1 1021 995.4166667 0 1 3 1 0 1 1 0 -996 "High" 1 5 "SM" 3.711 9.3 1 1 0 0 16.46 16.46 15
"520" 113805 "Midwest" "Urban" 4 2 0 1318.75 0 3 1 0 0 1 1 0 -996 "Low" 1 1 "SM" 0.667 2.78 1 1 0 0 41.2 41.2 23
"521" 113808 "Northeast" "Rural" 4 2 2080 1281.166667 0 1 1 1 0 1 1 0 -996 "very low" 3 3 "SS" 0.598 3.05 4 0 0 0 22.96 22.96 8
"522" 113811 "South" "Urban" 4 3 1800 1540 0 1 1 1 0 1 1 0 0 "High" 1 3 "SS" 1.283 5.12 5 0 0 0 152.88 152.88 74
"523" 113814 "West" "Rural" 4 5 2470 2283.333333 0 2 1 1 0 1 1 0 1 "Marginal" 1 4 "SS" 1.806 4.33 3 0 0 0 13.64 13.64 6
"524" 113825 "South" "Urban" 4 3 4340 1496.583333 0 1 1 1 0 1 1 0 -996 "Marginal" 2 1 "SS" 0.623 2.12 3 0 0 0 248.75 248.75 104
"525" 113879 "West" "Urban" 4 5 2977.338 2283.333333 0 1 1 1 0 1 1 0 -996 "very low" 2 3 "SM" 0.801 2.63 4 0 0 1 284.35 284.35 84
"526" 113882 "Northeast" "Urban" 4 5 1758 2340.583333 0 2 1 1 1 1 1 0 -996 "very low" 3 1 "SS" 5.176 13.05 4 0 0 0 143.57 143.57 59
"527" 113893 "Northeast" "Urban" 4 1 1960 995.4166667 0 1 1 0 0 1 1 0 0 "High" 2 2 "SM" 0.971 2.92 2 0 0 0 66.04 66.04 15
"528" 113904 "South" "Rural" 4 3 5200 1540 1 2 2 1 0 1 1 0 0 "High" 1 5 "SM" 4.142 11.12 2 1 0 0 282.82 282.82 128
"529" 113918 "West" "Rural" 4 4 1680 1940.25 1 1 1 1 0 1 1 0 0 "Marginal" 2 1 "SS" 5.088 10.05 4 0 0 0 54.6 54.6 28
"530" 113919 "South" "Rural" 4 4 1892 1940.25 1 2 1 1 1 1 1 0 -996 "Low" 1 5 "SM" 8.238 14.48 3 1 0 0 76.13 76.13 22
"531" 113954 "South" "Urban" 4 2 5800 1281.166667 0 1 1 1 1 1 1 0 -996 "very low" 2 5 "SM" 0.252 1.57 5 0 0 0 89.73 88.66 40
"532" 113968 "Northeast" "Urban" 4 5 2100 2248.416667 0 1 1 0 0 1 1 0 0 "Marginal" 1 1 "SM" 0.894 3.87 2 1 0 0 423.88 423.88 165
"533" 114013 "West" "Urban" 4 4 1249 1947 0 1 1 0 0 1 1 0 1 "High" 1 1 "SS" 2.626 7.6 4 0 0 0 281.36 280.19 106
"534" 114023 "Northeast" "Urban" 4 3 5012.5 1540 0 1 3 1 0 1 1 0 -996 "High" 1 4 "ME" 2.992 11.83 4 0 0 0 55.99 36.57 16
"535" 114038 "Midwest" "Urban" 4 2 750 1318.75 0 1 1 1 1 1 1 0 -996 "very low" 3 1 "CO" 1.43 5.33 1 0 0 0 61.75 61.75 20
"536" 114076 "Northeast" "Urban" 4 1 0 995.4166667 1 2 1 1 1 1 1 1 -996 "very low" 2 3 "SM" 4.447 11.95 2 1 0 0 127.2 127.2 29
"537" 114088 "West" "Urban" 4 1 1125.58 995.4166667 0 1 1 0 0 1 1 0 -996 "Low" 2 1 "SM" 0.256 1.22 4 0 0 0 1 1 1
"538" 114096 "Northeast" "Urban" 4 5 3200 2283.333333 0 2 3 1 1 1 1 0 1 "High" 1 5 "SM" 1.27 5 2 1 0 0 84.08 32.72 33
"539" 114107 "West" "Urban" 4 4 2689 2005.75 0 2 1 1 1 1 1 0 -996 "very low" 4 5 "SS" 1.414 4.68 5 0 0 1 4.98 4.83 2
"540" 114235 "Midwest" "Urban" 4 4 2061 1947 0 1 1 0 0 1 1 0 1 "very low" 3 1 "SS" 0.954 4.72 4 0 0 0 195.38 193.27 105
"541" 114282 "South" "Urban" 4 4 2000 1940.25 0 1 1 1 0 1 1 0 1 "Marginal" 2 5 "SM" 0.523 2.45 4 1 0 0 119.39 119.39 49
"542" 114284 "South" "Urban" 4 4 1111.5 1940.25 0 1 1 1 0 1 1 0 0 "Low" 2 3 "SM" 0.29 1.3 3 1 0 0 84.36 72.44 52
"543" 114290 "South" "Urban" 4 5 1680 2248.416667 0 1 1 0 0 1 1 0 -996 "Low" 1 4 "CO" 1.996 7.2 4 1 1 0 85.56 61.18 31
"544" 114319 "West" "Urban" 4 4 1610 1940.25 1 1 1 1 0 1 1 0 1 "Marginal" 1 1 "CO" 7.802 15.23 3 1 0 0 27.57 27.57 9
"545" 114333 "West" "Urban" 4 2 401.4886594 1318.75 0 1 1 1 0 1 1 0 -996 "High" 1 3 "SM" 2.218 5.53 3 0 0 0 139.58 139.58 46
"546" 114352 "South" "Urban" 4 5 2730 2283.333333 0 1 1 1 0 1 1 0 0 "High" 1 5 "SS" 0.599 4.85 3 1 0 0 129.85 105.87 51
"547" 114380 "South" "Urban" 4 4 1226 2005.75 0 1 1 1 0 1 1 0 -996 "High" 1 5 "SM" 1.844 5.13 3 1 0 0 86.63 53.17 21
"548" 114408 "Midwest" "Rural" 4 4 2100 1940.25 0 2 1 1 0 1 1 0 1 "High" 2 4 "SS" 22.059 26.88 3 1 0 0 82.39 82.39 38
"549" 114423 "South" "Urban" 4 2 38.51983093 1318.75 0 1 1 1 0 1 1 0 1 "Marginal" 1 3 "SM" 3.277 7.08 3 0 0 0 99.4 99.4 41
"550" 114437 "Midwest" "Urban" 4 9 4281.404349 4201.333333 1 2 1 0 0 1 1 0 0 "very low" 2 3 "SS" 2.314 8.28 3 0 0 0 442.96 441.33 165
"551" 114474 "West" "Urban" 4 2 305 1281.166667 0 1 1 1 0 1 1 0 1 "Low" 2 5 "SM" 2.44 5.98 3 1 0 0 49.59 49.59 19
"552" 114475 "West" "Urban" 4 7 6016.33 3101.416667 1 2 1 1 0 1 1 0 1 "very low" 2 5 "SM" 0.664 2.9 4 0 0 0 123.5 113.74 37
"553" 114478 "West" "Urban" 4 1 211 995.4166667 0 1 1 0 0 1 1 0 -996 "very low" 3 1 "SM" 0.297 2 3 0 0 0 20.56 20.56 8
"554" 114502 "South" "Urban" 4 7 1200 2966.166667 0 2 1 1 0 1 1 0 0 "Low" 2 1 "SM" 7.046 12.97 4 0 0 0 66.16 66.16 20
"555" 114605 "South" "Urban" 4 1 0 995.4166667 0 1 1 0 0 1 1 0 -996 "High" 2 5 "SM" 7.671 12.15 1 1 0 0 202.95 202.95 77
"556" 114673 "Midwest" "Urban" 4 3 1338 1540 0 1 1 1 1 1 1 1 1 "Low" 2 3 "SS" 3.112 6.7 3 0 0 0 74.83 74.83 37
"557" 114675 "Midwest" "Urban" 4 3 1266.471247 1540 0 2 1 1 0 1 1 0 -996 "High" 1 1 "SM" 1.365 4.3 3 1 0 0 174.34 174.34 83
"558" 114681 "West" "Rural" 4 2 1082 1281.166667 0 2 2 1 0 1 1 0 -996 "High" 1 5 "SM" 5.864 14.55 3 0 0 0 88.24 81.77 33
"559" 114691 "West" "Urban" 4 4 2920 1940.25 1 1 2 0 0 1 1 0 1 "High" 1 3 "SS" 2.573 7.7 4 0 0 0 53.3 53.3 24
"560" 114692 "South" "Urban" 4 4 2500 1940.25 0 1 1 1 0 1 1 0 -996 "Low" 2 3 "SM" 1.47 3.7 4 1 0 0 147.44 131.09 39
"561" 114724 "Northeast" "Urban" 4 2 1205.62 1281.166667 0 1 1 0 0 1 1 0 -996 "Low" 2 3 "SS" 4.995 12.43 2 1 0 0 26.86 26.86 14
"562" 114725 "South" "Urban" 4 5 0 2283.333333 0 1 1 1 0 1 1 0 -996 "Marginal" 1 3 "SS" 2.207 5.18 3 0 0 0 115.16 115.16 90
"563" 114734 "West" "Rural" 4 2 1597 1281.166667 0 1 1 1 1 1 1 0 -996 "very low" 3 2 "SS" 1.092 4 3 0 0 0 67.18 67.18 26
"564" 114780 "South" "Urban" 4 3 3885 1540 1 1 1 0 0 1 1 0 1 "High" 1 3 "SS" 1.761 6 4 0 0 0 36.81 36.81 20
"565" 114933 "West" "Urban" 4 3 2616 1540 0 1 1 1 0 1 1 1 -996 "Marginal" 2 1 "SM" 0.467 4.6 3 0 0 0 32.81 32.81 17
"566" 114985 "South" "Rural" 4 7 1032.772883 2863.5 0 1 1 1 0 1 1 0 0 "Low" 2 5 "SS" 17.154 24.78 4 1 0 0 717.26 628.76 215
"567" 114995 "South" "Urban" 4 5 2426.662 2340.583333 0 1 1 1 0 1 1 0 -996 "High" 2 1 "SS" 7.92 10.13 2 0 0 0 132.81 116.83 76
"568" 115022 "South" "Urban" 4 2 2882 1281.166667 0 2 1 1 0 1 1 0 -996 "High" 1 3 "SM" 2.087 6.03 4 0 0 0 34.28 3.76 13
"569" 115046 "Northeast" "Urban" 4 1 67.85309717 995.4166667 0 1 1 0 0 1 1 0 -996 "Marginal" 1 1 "SM" 0.59 2.53 1 1 0 0 18.06 18.06 4
"570" 115090 "South" "Urban" 4 2 1271.562224 1281.166667 0 2 1 1 0 1 1 0 -996 "Marginal" 1 4 "SS" 8.21 17.38 2 0 0 0 34.17 34.17 17
"571" 115098 "Midwest" "Urban" 4 7 1839.883688 3054.25 0 2 1 1 0 1 1 0 -996 "High" 1 3 "SS" 2.669 7 3 0 0 0 176.84 176.84 77
"572" 115114 "West" "Rural" 4 3 1827.36 1541.5 0 2 2 1 0 1 1 0 -996 "High" 1 5 "SS" 14.896 21.18 4 0 0 0 139.4 139.4 54
"573" 115119 "South" "Urban" 4 4 1267 1940.25 0 1 1 0 0 1 1 0 1 "Low" 2 1 "SS" 0.848 3.37 5 0 0 0 28.06 27.61 13
"574" 115145 "West" "Rural" 4 5 1611.33 2414.5 0 2 1 1 1 1 1 0 1 "very low" 3 4 "SS" 2.248 5.67 4 0 0 0 20.72 20.72 7
"575" 115161 "Northeast" "Urban" 4 3 840 1540 1 1 1 1 1 1 1 0 0 "Low" 1 3 "SS" 2.042 6.12 3 1 0 0 3.78 3.78 2
"576" 115181 "South" "Urban" 4 3 280 1541.5 0 1 1 1 0 1 1 0 -996 "Marginal" 1 1 "SM" 1.75 4.9 3 0 1 0 93.1 93.1 40
"577" 115182 "West" "Rural" 4 7 2130.141268 2966.166667 0 1 1 0 0 1 1 0 1 "Marginal" 1 5 "SM" 13.491 22.75 3 1 0 0 81.37 81.37 26
"578" 115241 "Midwest" "Urban" 4 2 1875 1318.75 0 1 1 1 1 1 1 1 1 "very low" 2 3 "SM" 1.404 3.35 4 0 0 0 10.18 10.18 7
"579" 115248 "West" "Urban" 4 5 1280 2379.833333 0 2 1 0 0 1 1 0 -996 "High" 1 3 "SS" 2.709 6.07 4 0 0 0 6.85 6.85 3
"580" 115266 "Midwest" "Urban" 4 1 1259 995.4166667 0 1 1 1 1 1 1 0 -996 "Low" 2 5 "CO" 0.963 3.82 3 0 0 0 18.77 18.77 8
"581" 115279 "Midwest" "Urban" 4 7 698 2750.75 0 1 1 0 0 1 1 0 1 "very low" 3 1 "SS" 0.833 2.83 5 0 0 0 118.66 118.66 104
"582" 115281 "Midwest" "Urban" 4 4 1003.8 1940.25 0 1 1 1 1 1 1 0 -996 "Low" 2 3 "SM" 3.951 12.85 4 0 0 0 84.62 83.43 33
"583" 115290 "South" "Urban" 4 3 0 1541.5 0 3 1 0 0 1 1 0 -996 "High" 2 1 "SM" 1.443 3.95 4 0 0 0 65.61 56.41 35
"584" 115293 "Midwest" "Urban" 4 1 1302 917.5833333 0 1 1 0 0 1 1 1 -996 "High" 2 4 "SM" 2.216 6.75 3 1 0 0 23.72 23.72 8
"585" 115331 "West" "Urban" 4 2 1479 1281.166667 0 1 1 0 0 1 1 0 -996 "Marginal" 1 5 "SS" 5.894 13.5 3 1 0 0 97.12 97.12 43
"586" 115353 "Midwest" "Urban" 4 4 2870 1940.25 0 1 1 1 1 1 1 0 0 "very low" 2 5 "SM" 1.327 3.38 4 0 0 0 200.14 200.14 71
"587" 115371 "South" "Rural" 4 1 1243 995.4166667 0 3 3 1 1 1 1 0 -996 "High" 1 4 "SM" 7.995 16.18 3 0 0 0 5.75 5.75 2
"588" 115381 "South" "Urban" 4 3 1135.33 1496.583333 0 1 1 1 0 1 1 0 -996 "very low" 4 5 "SM" 0.833 3.27 4 0 0 0 26.19 25.87 11
"589" 115418 "South" "Urban" 4 5 1941.920245 2414.5 0 1 1 0 0 1 1 0 -996 "very low" 1 1 "SS" 2.594 6.43 3 1 0 0 31.95 31.95 15
"590" 115445 "West" "Urban" 4 4 1906.4 1940.25 0 1 1 1 0 1 1 1 -996 "Low" 2 5 "SM" 1.461 7.05 2 0 0 0 332.64 332.64 67
"591" 115452 "Midwest" "Urban" 4 1 789.1872495 995.4166667 0 1 1 0 0 1 1 0 -996 "very low" 2 1 "SS" 0.764 4.58 4 0 0 0 64.17 58.17 21
"592" 115457 "South" "Rural" 4 3 3222 1496.583333 0 3 2 1 0 1 1 0 -996 "Low" 2 4 "SS" 11.394 27.72 4 0 0 0 57.18 57.18 22
"593" 115469 "Midwest" "Rural" 4 7 3180 2863.5 0 2 1 1 0 1 1 0 -996 "Marginal" 1 1 "SM" 10.812 16.95 3 0 0 0 71.53 64.95 34
"594" 115496 "West" "Urban" 4 2 536 1281.166667 0 1 1 0 0 1 1 0 -996 "Low" 2 1 "SS" 1.617 5.7 3 0 0 0 5.98 5.98 2
"595" 115497 "South" "Rural" 4 5 1700 2340.583333 0 1 1 1 0 1 1 0 1 "very low" 2 5 "CO" 3.757 7.95 5 0 0 0 87.26 87.26 26
"596" 115526 "South" "Rural" 4 4 1648.502884 2005.75 0 2 1 1 0 1 1 0 1 "Marginal" 1 2 "SM" 1.795 4.65 2 1 0 0 83.12 83.12 40
"597" 115575 "South" "Urban" 4 3 2615.5 1540 0 1 1 1 0 1 1 0 1 "High" 2 5 "SM" 2.741 6.67 2 1 0 0 188.21 109.23 40
"598" 115609 "South" "Urban" 4 1 954 917.5833333 0 2 1 0 0 1 1 0 -996 "High" 1 1 "SM" 0.483 2.5 3 1 0 0 8.5 8.5 5
"599" 115654 "West" "Urban" 4 4 516 1973.416667 0 2 1 1 0 1 1 0 1 "Low" 2 2 "SM" 1.506 7.15 3 0 0 0 169.57 162.44 69
"600" 115663 "South" "Urban" 4 5 2010.938571 2414.5 0 1 1 0 0 1 1 0 1 "Marginal" 1 1 "LG" 4.993 11.55 3 0 0 0 141.15 141.09 77
"601" 115679 "South" "Urban" 4 2 318 1318.75 0 1 1 0 0 1 1 0 1 "Marginal" 2 1 "SS" 1.655 5.6 4 1 0 0 125.11 125.11 75
"602" 115711 "South" "Urban" 4 4 1300 1940.25 0 1 1 1 1 1 1 0 -996 "Marginal" 2 3 "SS" 0.995 3 1 0 0 0 93.07 93.07 25
"603" 115808 "Midwest" "Urban" 4 6 3600 2556.5 0 1 1 0 0 1 1 0 1 "High" 1 1 "SS" 2.561 9.5 1 0 0 0 14.14 14.14 8
"604" 115859 "South" "Rural" 4 2 1372 1281.166667 0 2 1 1 0 1 1 0 -996 "High" 2 1 "SM" 10.552 17.5 3 0 0 0 86.15 86.15 35
"605" 115872 "West" "Urban" 4 3 1880.662 1540 0 1 1 1 0 1 1 0 1 "High" 1 3 "CO" 0.158 2.23 4 0 0 0 129.2 129.2 41
"606" 115875 "South" "Urban" 4 1 1401.149296 995.4166667 1 1 1 1 1 1 1 0 -996 "very low" 3 1 "SM" 1.494 5.77 4 0 0 0 25.23 25.23 5
"607" 115877 "South" "Rural" 4 2 577 1281.166667 0 2 1 0 1 1 1 0 -996 "very low" 2 5 "SM" 5.085 8.68 4 0 0 0 109.19 109 32
"608" 115880 "West" "Urban" 4 3 1498 1541.5 0 1 1 1 0 1 1 0 0 "High" 1 3 "SS" 4.509 11.48 2 1 0 0 30.25 30.25 21
"609" 115891 "South" "Rural" 4 4 4620 2005.75 0 2 1 1 0 1 1 0 -996 "very low" 3 4 "SS" 8.057 14.08 3 0 0 0 255.34 255.34 96
"610" 115955 "South" "Urban" 4 1 639.0261376 995.4166667 0 3 1 0 0 1 1 0 -996 "Low" 2 1 "SS" 0.551 2.27 4 0 0 0 20.8 20.8 17
"611" 115966 "West" "Urban" 4 3 1156.18618 1496.583333 0 1 1 1 1 1 1 0 -996 "very low" 2 3 "SS" 1.655 4.25 3 1 0 0 89.24 84.36 52
"612" 115987 "Midwest" "Rural" 4 1 245.5727288 917.5833333 0 1 1 1 0 1 1 0 -996 "Low" 2 5 "SS" 8.942 11.33 3 0 0 0 31.83 31.83 20
"613" 116016 "South" "Urban" 4 5 467.691911 2414.5 0 2 1 1 0 1 1 0 -996 "Low" 2 1 "SS" 2.845 8.03 4 1 0 0 113.69 113.69 54
"614" 116017 "Midwest" "Urban" 4 1 971 917.5833333 0 1 1 1 1 1 1 1 -996 "High" 1 4 "SS" 9.994 17.28 3 1 0 0 27.93 27.93 13
"615" 116053 "West" "Urban" 4 4 600 2005.75 0 1 2 0 0 1 1 0 -996 "High" 1 2 "SM" 0.878 3.77 3 1 0 0 56.53 56.53 23
"616" 116058 "South" "Urban" 4 4 990 2005.75 0 1 1 0 0 1 1 0 0 "High" 1 1 "SM" 0.755 2.42 3 1 1 0 133.35 133.35 70
"617" 116069 "South" "Rural" 4 5 3360 2283.333333 0 2 1 1 0 1 1 0 0 "Marginal" 1 3 "LG" 5.469 13.3 3 0 0 0 58.02 58.02 6
"618" 116072 "West" "Urban" 4 4 2440 1940.25 0 2 1 1 0 1 1 0 -996 "High" 2 3 "SM" 4.847 11.18 4 1 0 0 58.53 58.53 31
"619" 116079 "Midwest" "Urban" 4 4 5963.285507 2005.75 0 1 1 0 0 1 1 0 -996 "High" 1 1 "SS" 2.603 8.67 4 1 0 0 43.37 43.37 9
"620" 116080 "South" "Rural" 4 2 2429.23907 1156.5 0 1 1 1 0 1 1 0 -996 "High" 1 2 "SM" 3.779 6.43 3 0 0 0 190.96 190.96 70
"621" 116084 "South" "Rural" 4 4 795 1947 0 2 1 1 0 1 1 0 -996 "High" 1 3 "SM" 0.542 2 4 0 0 0 554.06 554.06 231
"622" 116094 "South" "Rural" 4 4 4701.676 1940.25 0 1 1 1 0 1 1 0 -996 "High" 2 3 "SS" 13.102 19.98 4 0 0 0 144.32 140.08 38
"623" 116108 "Midwest" "Urban" 4 2 749 1281.166667 0 1 1 0 0 1 1 0 -996 "very low" 2 3 "SM" 1.414 4.37 3 1 0 0 72.2 72.2 29
"624" 116184 "Midwest" "Urban" 4 3 5340 1496.583333 0 2 1 1 0 1 1 0 -996 "High" 1 3 "SS" 2.37 7.82 3 1 0 0 5.85 5.85 2
"625" 116185 "South" "Urban" 4 3 1201.2 1540 0 1 1 1 1 1 1 0 1 "Marginal" 1 1 "SM" 0.992 4.05 3 0 0 0 49.6 28 7
"626" 116187 "South" "Rural" 4 3 130 1540 1 3 1 1 0 1 1 0 1 "High" 2 1 "SM" 9.977 21.07 2 0 0 0 40.06 26.07 16
"627" 116243 "South" "Rural" 4 2 320.8555855 1281.166667 0 2 1 1 0 1 1 0 -996 "Low" 2 1 "SM" 82.649 102.68 4 0 0 0 27.83 28.03 12
"628" 116261 "Northeast" "Urban" 4 4 2240 1940.25 0 1 1 1 0 1 1 0 1 "High" 1 1 "SS" 3.207 7.97 3 0 0 0 50.84 44.35 17
"629" 116263 "Northeast" "Urban" 4 5 1089.412813 2283.333333 0 1 1 1 0 1 1 0 1 "Low" 1 4 "SS" 2.676 8.42 2 1 0 0 162.74 162.74 36
"630" 116275 "South" "Urban" 4 2 1960 1281.166667 0 1 1 1 0 1 1 0 -996 "Marginal" 2 2 "SM" 0.86 3.62 2 1 0 0 43.79 43.79 15
"631" 116281 "South" "Urban" 4 6 4750.332 2748.166667 0 2 3 1 0 1 1 0 -996 "High" 1 4 "SM" 2.458 7.27 2 1 0 0 97.69 80.1 35
"632" 116295 "Midwest" "Rural" 4 1 761 995.4166667 0 2 1 1 0 1 1 0 -996 "High" 1 1 "CO" 0.437 2.55 1 1 0 0 13.96 13.96 4
"633" 116305 "West" "Urban" 4 2 2312.218875 1318.75 0 1 1 1 0 1 1 0 1 "Low" 2 1 "SM" 1.104 5.8 4 0 0 0 50.75 50.75 24
"634" 116343 "South" "Urban" 4 2 1396 1281.166667 0 1 1 1 1 1 1 0 -996 "Low" 2 1 "SM" 2.794 9.55 4 0 0 0 102.77 102.67 48
"635" 116352 "South" "Urban" 4 4 0 1973.416667 0 1 1 1 0 1 1 0 -996 "Low" 1 5 "SS" 17.623 23.75 4 0 0 0 41.9 41.9 5
"636" 116358 "South" "Urban" 4 3 1435 1540 0 2 1 1 0 1 1 0 1 "High" 1 3 "SM" 1.379 3.73 3 1 0 0 183.82 183.82 89
"637" 116361 "West" "Urban" 4 2 942.53 1156.5 1 1 1 1 0 1 1 0 -996 "Low" 2 5 "SM" 0.301 1.77 1 1 0 0 131.12 110.98 44
"638" 116369 "West" "Urban" 4 1 280 995.4166667 1 1 1 1 0 1 1 0 -996 "very low" 3 4 "SS" 1.714 4.4 4 0 0 0 130.48 130.48 43
"639" 116417 "South" "Urban" 4 7 2362.944172 2966.166667 1 1 1 1 0 1 1 0 0 "very low" 3 1 "SS" 3.71 8.77 5 0 0 0 52.87 48.7 24
"640" 116427 "South" "Urban" 4 5 1820 2248.416667 0 1 1 0 0 1 1 0 -996 "Low" 3 1 "SS" 2.347 6.35 4 1 0 0 149.4 149.4 51
"641" 116430 "South" "Urban" 4 2 288 1318.75 0 2 1 1 0 1 1 0 -996 "High" 1 5 "SM" 4.411 8.32 3 1 0 0 68.18 58.58 28
"642" 116434 "South" "Urban" 4 4 860 1940.25 0 1 1 0 0 1 1 0 0 "very low" 2 3 "SM" 5.578 9.5 2 1 0 0 20.76 20.76 14
"643" 116454 "South" "Urban" 4 5 1733.6 2248.416667 0 1 1 1 0 1 1 0 -996 "Low" 2 4 "SS" 1.977 5.32 4 0 0 1 44.19 44.19 18
"644" 116488 "South" "Rural" 4 7 1264 3101.416667 0 2 1 1 0 1 1 0 0 "Marginal" 1 5 "SM" 2.054 7.63 3 0 0 0 266.64 260.27 108
"645" 116533 "South" "Urban" 4 3 680 1540 0 1 1 1 0 1 1 0 -996 "Marginal" 1 4 "SM" 1.052 3.18 4 0 0 0 236.09 236.09 65
"646" 116593 "South" "Urban" 4 3 2166.66 1540 0 1 1 0 0 1 1 0 1 "very low" 2 1 "SS" 2.629 6.77 5 0 0 0 157.72 157.92 40
"647" 116595 "South" "Rural" 4 2 718 1281.166667 1 1 1 0 1 1 1 0 -996 "Low" 2 1 "SM" 7.703 14.85 3 1 0 0 28.3 28.3 9
"648" 116632 "Northeast" "Rural" 4 1 1447.563734 995.4166667 0 2 1 1 0 1 1 0 -996 "very low" 3 4 "SM" 16.994 27.97 4 0 0 0 11.7 11.42 6
"649" 116688 "South" "Urban" 4 4 1400 1940.25 0 1 1 0 0 1 1 0 1 "Low" 4 3 "SS" 1.244 4.37 1 1 0 0 212.33 70.34 36
"650" 116788 "South" "Rural" 4 2 1580.105377 1281.166667 0 2 1 1 1 1 1 0 -996 "Low" 2 5 "SM" 6.522 9.85 3 1 0 0 107.87 107.87 56
"651" 116828 "Midwest" "Urban" 4 1 619 995.4166667 0 1 1 0 0 1 1 0 -996 "Marginal" 2 1 "SS" 0.783 4.62 3 0 0 0 90.68 90.68 21
"652" 116888 "West" "Urban" 4 3 2109 1540 0 1 1 1 0 1 1 0 1 "very low" 3 5 "SM" 3.999 11.03 3 1 0 0 5.22 5.22 4
"653" 116959 "Midwest" "Urban" 4 3 4340 1496.583333 1 1 1 1 0 1 1 0 -996 "High" 2 4 "SS" 1.739 4.48 2 1 0 0 88.2 88.2 42
"654" 116965 "South" "Rural" 4 6 328 2556.5 0 3 1 0 0 1 1 0 -996 "Marginal" 3 4 "SM" 1.216 4.63 4 -997 0 0 151.29 147.2 70
"655" 116984 "South" "Urban" 4 2 2945.289302 1318.75 0 1 1 0 0 1 1 0 -996 "Low" 3 5 "SS" 1.32 7.53 2 1 0 0 79.58 79.58 31
"656" 117022 "West" "Urban" 4 3 3979.977727 1540 0 1 1 1 0 1 1 0 -996 "Low" 1 3 "SM" 2.058 4.63 3 1 0 0 335.1 306.67 81
"657" 117041 "Northeast" "Urban" 4 1 1041 917.5833333 0 1 1 1 0 1 1 1 -996 "High" 2 2 "SM" 3.483 5.57 5 0 0 0 96.52 60.83 55
"658" 117086 "South" "Urban" 4 4 3839.594373 1973.416667 0 1 3 1 0 1 1 0 -996 "High" 1 1 "SM" 5.205 8.88 3 1 0 0 39.66 31.3 32
"659" 117092 "South" "Urban" 4 2 300 1318.75 0 1 1 1 0 1 1 0 -996 "High" 2 1 "SM" 2.657 7.67 3 0 0 0 119.36 103.93 30
"660" 117130 "South" "Urban" 4 4 3056.45432 1973.416667 0 1 1 0 1 1 1 0 -996 "Marginal" 2 1 "SS" 11.922 20.18 2 1 0 0 87.02 80.83 33
"661" 117139 "West" "Urban" 4 4 4477.912383 1940.25 0 1 1 1 0 1 1 0 1 "High" 2 5 "SM" 1.287 4.32 1 1 0 0 269.19 33.62 13
"662" 117170 "South" "Urban" 4 6 25650 2691.5 0 1 1 1 0 1 1 0 0 "Marginal" 1 3 "SS" 0.746 2.63 4 0 0 0 259.61 259.61 65
"663" 117178 "West" "Rural" 4 4 1960 2005.75 1 2 1 1 0 1 1 0 -996 "High" 1 5 "SS" 12.739 18.43 4 0 0 0 45.01 7.39 9
"664" 117181 "West" "Rural" 4 5 3579.538499 2283.333333 1 2 1 1 0 1 1 0 -996 "High" 1 4 "SM" 2.438 7.48 2 1 0 0 168.69 140.25 86
"665" 117205 "Midwest" "Urban" 4 1 800 995.4166667 1 2 3 0 0 1 1 0 -996 "Marginal" 2 3 "SM" 0.32 2.3 3 0 0 0 8.34 8.34 9
"666" 117261 "South" "Urban" 4 4 3447 1973.416667 0 1 1 0 0 1 1 0 -996 "Marginal" 1 5 "SS" 0.605 2.7 4 1 0 0 62.67 62.67 23
"667" 117278 "Midwest" "Urban" 4 6 3943 2637.25 0 1 1 1 0 1 1 0 1 "High" 1 3 "SS" 5.175 7.18 3 0 0 0 267.5 264.51 147
"668" 117309 "South" "Urban" 4 4 10698.0542 1940.25 0 1 1 1 0 1 1 0 0 "Marginal" 2 4 "SM" 1.447 4 3 0 0 0 47.96 47.96 3
"669" 117366 "Midwest" "Rural" 4 1 1029.65 917.5833333 0 2 3 1 0 1 1 0 -996 "High" 1 5 "SS" 23.18 29.7 4 0 0 0 118.65 62.17 39
"670" 117372 "South" "Urban" 4 3 1363 1540 0 1 1 1 0 1 1 0 -996 "High" 1 3 "SS" 2.395 6.45 4 1 0 0 30.97 30.97 11
"671" 117416 "West" "Urban" 4 1 2306.8 995.4166667 0 1 1 1 0 1 1 0 -996 "Low" 4 4 "SM" 2.692 6.4 2 1 0 0 148.77 148.77 60
"672" 117418 "South" "Rural" 4 3 0 1540 0 2 1 1 0 1 1 0 -996 "Marginal" 2 4 "SM" 20.593 30.52 3 0 0 0 317.13 302.21 98
"673" 117449 "Northeast" "Urban" 4 2 1288 1156.5 0 1 1 1 0 1 1 0 -996 "High" 1 5 "SM" 3.325 7.33 2 1 0 0 76.64 71.76 30
"674" 117454 "West" "Urban" 4 6 2450.839265 2556.5 0 1 1 1 0 1 1 0 -996 "High" 1 1 "SM" 0.333 1.75 3 0 0 0 134.03 134.03 42
"675" 117466 "West" "Urban" 4 2 1170.19 1281.166667 0 1 1 1 0 1 1 0 -996 "Low" 1 4 "SM" 1.483 5.27 2 1 0 0 160.99 160.99 29
"676" 117524 "Northeast" "Urban" 4 2 1680 1281.166667 0 1 1 0 0 1 1 0 -996 "Marginal" 2 4 "ME" 13.852 32.42 3 1 0 0 395.92 366.26 71
"677" 117545 "South" "Rural" 4 4 2100 1940.25 0 1 1 1 0 1 1 0 -996 "High" 1 3 "SS" 6.05 11.87 2 1 0 0 21.95 5.98 12
"678" 117588 "West" "Urban" 4 3 2091.027957 1496.583333 0 2 2 1 0 1 1 0 -996 "Marginal" 2 4 "SS" 0.833 3.87 4 0 0 0 43.12 43.12 18
"679" 117606 "South" "Rural" 4 2 2294 1281.166667 0 2 2 1 0 1 1 0 -996 "very low" 2 4 "SM" 9.24 17.17 4 0 0 0 49.39 49.39 21
"680" 117635 "West" "Urban" 4 2 0 1281.166667 0 1 1 0 0 1 1 0 -996 "very low" 4 2 "SM" 0.861 3.72 2 0 0 0 92.45 92.45 41
"681" 117663 "West" "Urban" 4 5 9152.590876 2340.583333 0 1 1 1 0 1 1 0 1 "Low" 1 5 "SM" 2.742 7.93 3 1 0 0 180.68 170.97 70
"682" 117667 "Midwest" "Rural" 4 2 4421 1156.5 0 2 1 1 0 1 1 0 -996 "High" 1 5 "SM" 4.194 8.4 4 0 0 0 74.3 70.12 25
"683" 117705 "South" "Urban" 4 1 697 995.4166667 0 1 1 0 0 1 1 0 -996 "Low" 4 4 "SM" 1.051 4.02 4 1 1 0 25.64 25.64 11
"684" 117707 "West" "Urban" 4 5 1941.338 2283.333333 0 1 1 1 0 1 1 0 1 "Marginal" 3 3 "SS" 2.23 6.2 3 0 0 0 93.32 91.87 53
"685" 117730 "Northeast" "Urban" 4 2 360 1318.75 0 1 1 0 0 1 1 0 -996 "Marginal" 2 1 "SM" 2.014 5.75 4 0 0 0 12 12 2
"686" 117778 "West" "Urban" 4 3 840 1541.5 0 1 1 1 1 1 1 0 1 "Low" 2 1 "MG" 30.739 32.02 3 1 0 0 21.14 12.84 18
"687" 117814 "West" "Urban" 4 4 2465 1940.25 0 2 1 1 0 1 1 0 1 "Marginal" 3 2 "SS" 5.046 15.38 4 0 0 0 3.67 3.67 1
"688" 117819 "Northeast" "Urban" 4 3 2451.214263 1541.5 1 1 1 1 0 1 1 0 -996 "Marginal" 1 1 "SS" 0.597 3.9 4 0 0 0 99.92 99.92 32
"689" 117837 "Midwest" "Urban" 4 12 3806.892583 3698.916667 0 1 1 1 0 1 1 0 0 "High" 1 5 "SS" 0.609 3.82 1 1 0 0 21.82 21.82 8
"690" 117853 "South" "Urban" 4 4 1386.67 1947 0 1 1 1 0 1 1 0 0 "Low" 2 3 "SS" 1.243 5.35 2 1 0 0 183.35 183.35 58
"691" 117990 "Midwest" "Urban" 4 1 0 995.4166667 0 3 1 0 0 1 1 0 -996 "High" 1 1 "CO" 2.159 5.25 2 1 0 0 18 18 19
"692" 118005 "South" "Urban" 4 1 1025 995.4166667 0 2 1 1 0 1 1 0 -996 "High" 1 5 "SS" 1.353 6 3 1 1 0 57.72 53.49 24
"693" 118028 "West" "Urban" 4 5 1548.713876 2283.333333 0 1 1 1 0 1 1 0 1 "Marginal" 2 1 "SM" 3.065 7.62 4 1 1 0 104.99 104.99 47
"694" 118048 "West" "Urban" 4 2 2118 1281.166667 0 1 1 1 0 1 1 0 -996 "very low" 2 5 "SS" 3.318 7.2 5 0 0 0 56.58 42.01 16
"695" 118061 "Northeast" "Urban" 4 6 2912 2556.5 0 1 1 1 0 1 1 0 -996 "High" 1 1 "CO" 2.674 7.02 3 1 0 1 271.9 268.9 120
"696" 118144 "West" "Urban" 4 5 0 2283.333333 0 1 1 0 0 1 1 0 1 "High" 1 2 "SS" 13.775 19.37 4 1 0 0 22.58 22.58 9
"697" 118152 "South" "Rural" 4 4 1157 1940.25 0 2 1 1 0 1 1 0 -996 "very low" 4 5 "SS" 8.039 10.77 2 1 0 1 168.57 168.57 66
"698" 118185 "South" "Urban" 4 2 975.2318402 1156.5 0 2 1 1 0 1 1 0 -996 "High" 1 1 "SM" 0.914 3.9 2 0 0 0 15.42 14.08 13
"699" 118217 "South" "Urban" 4 4 1784 1947 0 1 1 1 0 1 1 0 -996 "Low" 1 4 "SS" 3.055 7 4 0 0 0 102.98 102.98 31
"700" 118220 "Midwest" "Urban" 4 5 2000 2283.333333 0 3 1 1 0 1 1 0 1 "High" 1 5 "CO" 0.44 2.28 3 1 0 0 89.61 55.33 25
"701" 118238 "South" "Urban" 4 5 4038.634156 2248.416667 0 1 1 1 1 1 1 0 -996 "High" 1 2 "SS" 1.899 5.4 3 1 0 0 34.34 34.34 21
"702" 118245 "South" "Urban" 4 4 2400 2005.75 0 1 1 0 0 1 1 0 -996 "Marginal" 1 2 "SM" 1.402 3.52 3 0 0 0 65.55 65.55 27
"703" 118264 "Northeast" "Urban" 4 6 1347 2691.5 0 1 1 0 0 1 1 0 1 "Low" 3 3 "SS" 2.161 8.28 4 0 0 0 56.9 56.9 2
"704" 118303 "Midwest" "Urban" 4 5 831.338 2283.333333 1 1 1 0 0 1 1 0 -996 "Low" 2 5 "SS" 3.478 8.43 4 0 0 0 147.38 109.01 35
"705" 118323 "West" "Urban" 4 1 383.9271303 995.4166667 0 1 1 1 0 1 1 0 -996 "Low" 2 2 "SS" 3.336 7.83 4 0 0 0 28.42 28.42 9
"706" 118356 "Northeast" "Rural" 4 5 4450 2340.583333 0 2 3 1 0 1 1 0 1 "High" 2 3 "SS" 1.077 4.88 3 0 0 0 148.91 148.91 58
"707" 118358 "South" "Urban" 4 5 1800 2340.583333 0 1 1 1 0 1 1 0 1 "Low" 2 4 "SM" 3.78 8.07 1 1 0 0 194.51 192.73 74
"708" 118396 "Midwest" "Urban" 4 2 1049 1318.75 0 1 1 0 1 1 1 0 -996 "very low" 2 1 "SS" 3.182 11.15 4 0 0 0 159.81 159.81 86
"709" 118398 "Midwest" "Urban" 4 4 1553 1940.25 1 1 1 1 0 1 1 0 -996 "Marginal" 1 3 "SM" 1.257 4.52 3 0 0 0 341.5 341.5 79
"710" 118415 "South" "Urban" 4 2 548.8883113 1281.166667 0 1 1 0 0 1 1 1 -996 "very low" 2 4 "SS" 1.351 4.07 1 1 0 0 177 175.2 90
"711" 118439 "West" "Urban" 4 7 5827 3101.416667 0 2 1 1 0 1 1 0 0 "Marginal" 2 3 "SM" 4.001 8.07 4 0 0 0 97.66 93.34 34
"712" 118451 "South" "Rural" 4 1 871 995.4166667 0 2 1 1 0 1 1 0 -996 "Marginal" 2 4 "SS" 13.607 20.55 3 1 0 0 73.12 59.1 28
"713" 118463 "Midwest" "Urban" 4 4 2520 1940.25 0 1 1 1 0 1 1 0 -996 "High" 1 1 "SM" 2.889 11.02 5 0 0 0 14.12 14.12 10
"714" 118485 "South" "Urban" 4 2 1889 1156.5 0 2 1 1 0 1 1 0 -996 "High" 1 3 "SM" 0.539 2.18 3 0 0 0 53.03 53.03 17
"715" 118494 "Northeast" "Urban" 4 4 5306 2005.75 0 2 1 1 0 1 1 0 -996 "High" 1 1 "SS" 1.547 5.15 3 1 0 0 66.74 66.74 33
"716" 118522 "South" "Urban" 4 7 1300 3169.25 0 2 1 0 0 1 1 0 0 "Marginal" 1 1 "SS" 2.607 6.68 4 1 0 0 194.36 174.69 81
"717" 118555 "West" "Urban" 4 4 1298 1940.25 0 1 1 1 0 1 1 0 0 "High" 1 1 "SS" 0.381 1.63 5 0 0 0 108.8 98.5 41
"718" 118636 "Midwest" "Urban" 4 1 694 995.4166667 0 1 1 0 0 1 1 0 -996 "Marginal" 2 1 "SM" 1.348 4.05 5 0 0 0 109.94 105.47 51
"719" 118653 "Northeast" "Urban" 4 4 3030 1940.25 1 1 1 1 0 1 1 0 0 "Marginal" 1 2 "SM" 0.993 2.1 3 1 0 0 20.66 20.66 7
"720" 118685 "West" "Urban" 4 3 5957.33 1540 1 1 3 1 0 1 1 0 0 "High" 1 5 "SS" 1.182 3.85 2 1 0 1 56.48 56.48 16
"721" 118697 "West" "Urban" 4 5 840 2340.583333 1 2 1 1 0 1 1 0 -996 "High" 1 2 "SS" 6.827 12.9 4 0 0 0 23.64 23.64 8
"722" 118720 "Northeast" "Urban" 4 6 1921.67 2556.5 0 1 1 1 0 1 1 0 1 "Marginal" 1 4 "SM" 0.193 1 2 1 0 1 56.75 56.75 35
"723" 118763 "South" "Urban" 4 3 262 1541.5 0 2 1 1 0 1 1 0 -996 "High" 1 3 "SM" 2.017 5.23 5 0 0 0 161.78 153.86 90
"724" 118765 "South" "Rural" 4 1 0 995.4166667 0 1 1 0 0 1 1 0 -996 "High" 2 3 "SM" 1.452 5.42 3 0 0 0 122.91 122.91 52
"725" 118771 "Northeast" "Urban" 4 3 3380 1540 0 1 1 1 0 1 1 0 1 "Low" 1 1 "MG" 0.651 3.12 5 0 1 0 18.37 16 9
"726" 118821 "Midwest" "Urban" 4 1 197 995.4166667 0 1 1 1 0 1 1 0 -996 "Marginal" 2 1 "SS" 1.292 3.92 4 0 0 0 37.86 37.86 18
"727" 118825 "Midwest" "Urban" 4 3 1247 1541.5 0 1 1 0 0 1 1 0 -996 "High" 2 2 "SM" 6.065 8.22 3 0 0 0 241.85 241.85 64
"728" 118848 "South" "Urban" 4 1 718 995.4166667 0 1 1 1 0 1 1 0 -996 "High" 2 2 "SM" 2.269 6.05 3 0 0 0 41.59 41.19 27
"729" 118895 "West" "Rural" 4 3 530 1541.5 0 1 1 1 0 1 1 0 0 "Low" 2 2 "SS" 1.05 4.07 5 0 0 0 73.22 73.22 28
"730" 118951 "West" "Urban" 4 5 4080.06112 2248.416667 0 2 1 0 0 1 1 0 1 "Marginal" 2 3 "SM" 0.493 2.13 5 1 0 0 353.6 332.16 58
"731" 118956 "South" "Rural" 4 3 420 1540 0 2 1 1 0 1 1 0 -996 "High" 2 4 "SS" 8.519 15.1 4 0 0 0 49.58 49.58 15
"732" 118962 "West" "Urban" 4 6 169 2508.666667 0 1 1 0 0 1 1 0 0 "Low" 4 3 "SS" 0.135 1 2 1 0 0 137.31 116.25 53
"733" 118991 "West" "Urban" 4 3 1520.46 1540 1 1 1 1 1 1 1 0 -996 "very low" 3 3 "SM" 3.228 8.7 5 0 0 0 16.65 16.65 10
"734" 119008 "Northeast" "Urban" 4 1 803 995.4166667 0 1 1 1 0 1 1 0 -996 "Marginal" 2 3 "SS" 2.839 8.6 2 0 1 0 12.88 12.88 7
"735" 119023 "West" "Urban" 4 4 1000 2005.75 0 1 1 1 0 1 1 0 1 "Marginal" 2 4 "SM" 2.164 5.83 3 0 0 0 196.8 160.18 63
"736" 119062 "Northeast" "Urban" 4 5 1433.6 2340.583333 0 1 1 0 0 1 1 0 1 "Marginal" 1 3 "SM" 0.575 3.03 3 1 0 0 103.05 61.1 49
"737" 119097 "Midwest" "Urban" 4 8 1292 3489.666667 0 1 1 1 0 1 1 1 -996 "Low" 2 5 "SS" 0.15 1 4 0 0 0 692.8 677.28 198
"738" 119242 "West" "Urban" 4 7 5156.676 3101.416667 0 1 1 1 0 1 1 0 1 "High" 1 4 "SS" 1.254 3.58 3 0 0 0 15.22 15.22 7
"739" 119265 "Midwest" "Rural" 4 3 1350 1540 1 2 1 1 0 1 1 0 -996 "Low" 2 3 "SS" 18.62 27.13 3 1 0 0 93.01 93.01 31
"740" 119283 "Northeast" "Urban" 4 2 873.485587 1318.75 0 1 1 0 0 1 1 0 -996 "Marginal" 1 2 "SM" 1.581 6.78 3 1 0 0 66.22 66.22 25
"741" 119289 "Northeast" "Urban" 4 5 775 2248.416667 0 1 1 0 1 1 1 0 -996 "very low" 1 2 "SS" 0.419 3.05 3 0 0 0 80.48 70.48 34
"742" 119294 "South" "Urban" 4 2 2561.645956 1281.166667 0 1 1 1 0 1 1 0 -996 "High" 1 3 "SM" 0.327 2.22 4 0 0 0 104.63 104.63 49
"743" 119309 "West" "Rural" 4 5 1075 2248.416667 0 2 1 1 0 1 1 0 -996 "High" 1 5 "SS" 3.086 7.23 2 0 0 0 109.31 59.01 19
"744" 119368 "West" "Urban" 4 3 1702.97112 1496.583333 0 2 1 1 1 1 1 0 -996 "Low" 2 5 "SM" 3.373 8.15 3 0 0 0 113.82 113.82 73
"745" 119384 "Midwest" "Urban" 4 1 715 995.4166667 0 1 1 1 1 1 1 0 -996 "very low" 2 4 "SS" 1.703 5.8 5 0 0 0 7.83 7.83 5
"746" 119504 "Midwest" "Urban" 4 2 1034 1318.75 0 1 1 1 1 1 1 0 -996 "Low" 3 1 "SG" 1.951 5.72 4 1 0 1 42.28 42.28 22
"747" 119522 "South" "Rural" 4 4 4862.132133 2005.75 0 3 3 1 0 1 1 0 1 "High" 2 1 "SS" 5.829 9.88 2 0 0 0 112.66 43.2 12
"748" 119557 "South" "Urban" 4 3 300 1541.5 0 1 1 1 0 1 1 0 -996 "Marginal" 1 1 "SS" 0.567 2.1 5 0 0 0 47 18.47 13
"749" 119570 "South" "Urban" 4 3 2380 1540 0 1 1 1 1 1 1 0 1 "Marginal" 2 4 "SS" 0.997 2.95 3 0 0 0 79.17 53.43 29
"750" 119585 "West" "Urban" 4 7 600 2863.5 0 1 1 1 0 1 1 1 -996 "very low" 3 1 "SM" 0.706 2.9 3 1 0 0 158.47 158.47 30
"751" 119594 "South" "Urban" 4 6 2313.24557 2556.5 1 1 1 0 0 1 1 0 -996 "High" 1 3 "SM" 0.503 2.48 3 1 0 0 127.58 127.58 48
"752" 119603 "South" "Urban" 4 4 2588 2005.75 1 3 1 1 1 1 1 0 -996 "very low" 3 3 "CO" 1.72 6.25 2 0 0 0 78.11 69.74 29
"753" 119642 "South" "Urban" 4 7 3990 3101.416667 0 2 1 1 0 1 1 0 0 "High" 2 4 "SM" 1.027 4.32 4 1 0 0 204.62 204.62 99
"754" 119648 "South" "Urban" 4 4 1983.33 2005.75 0 2 1 1 0 1 1 0 -996 "Marginal" 1 5 "SS" 2.396 7.47 3 1 0 0 73.72 73.72 34
"755" 119694 "Northeast" "Rural" 4 2 946 1318.75 0 1 1 1 1 1 1 0 -996 "Low" 2 3 "SS" 4.794 10.67 3 0 0 0 18.34 4.97 7
"756" 119723 "South" "Rural" 4 2 1283.484314 1281.166667 0 1 3 1 0 1 1 0 0 "High" 1 5 "SM" 5.157 13.2 2 1 0 0 60.86 60.61 31
"757" 119750 "Midwest" "Urban" 4 1 16.31916377 995.4166667 0 1 1 1 0 1 1 0 -996 "Marginal" 1 1 "SS" 2.147 5.03 3 1 0 0 11.66 11.66 4
"758" 119829 "South" "Urban" 4 3 560 1541.5 0 1 1 0 0 1 1 0 0 "Marginal" 2 1 "SM" 1.371 3.73 2 0 0 0 84.11 84.11 36
"759" 119845 "Midwest" "Urban" 4 2 625.6437871 1281.166667 0 1 1 1 0 1 1 0 -996 "Marginal" 1 1 "SM" 1.214 3.42 3 0 0 0 55.24 55.24 36
"760" 119854 "Northeast" "Urban" 4 3 460 1541.5 0 1 1 0 0 1 1 0 -996 "High" 1 4 "SM" 0.725 2.83 4 0 0 0 265.65 265.65 41
"761" 119946 "Midwest" "Rural" 4 6 641.9342776 2556.5 1 2 1 1 0 1 1 0 1 "Low" 1 2 "SS" 23.328 27.22 3 0 0 0 56.48 34.86 18
"762" 119989 "South" "Urban" 4 3 1600 1541.5 0 1 1 1 0 1 1 0 -996 "Marginal" 1 3 "SM" 3.219 7.85 3 0 0 0 52.7 52.7 21
"763" 119991 "West" "Urban" 4 5 5369 2414.5 0 2 1 1 0 1 1 0 1 "High" 1 4 "SM" 3.5 7.8 3 1 0 0 61.75 61.75 27
"764" 120001 "Midwest" "Urban" 4 1 718 995.4166667 0 1 1 0 0 1 1 0 -996 "Marginal" 2 3 "SS" 0.783 4.62 3 0 0 0 36.54 36.54 10
"765" 120008 "South" "Rural" 4 5 4480 2414.5 1 2 1 1 1 1 1 0 -996 "High" 2 5 "SS" 10.101 17.72 3 0 0 0 181.66 181.43 86
"766" 120015 "Northeast" "Urban" 4 1 7611.224418 917.5833333 1 1 1 0 0 1 1 0 -996 "Low" 1 3 "SM" 1.734 6.68 4 0 0 0 17.98 13.5 5
